"","obvious","represent","understandEasi","messi","crowd","distract","inform","identifi","find","visibl","see","extravert","reserved","crossing","crossingAngle","angularResolutionMin","angularResolutionDev"
"obvious",1,0.834505534647607,0.851183688553938,0.691858749475864,0.657043284985524,0.68562646452193,0.757830014164417,0.774538175521583,0.723451572489336,0.707444279196264,0.706907829684972,-0.010946139623256,-0.116406921361896,0.606187562088706,-0.426510339889866,0.647072541527827,0.656137860575404
"represent",0.834505534647607,1,0.836662050885927,0.699678991160897,0.647020885762677,0.69852194544922,0.747352472812827,0.785866026572819,0.742793737878033,0.717607917818403,0.680269755098536,NA,-0.0665534405207066,0.618352266709929,-0.401614554200524,0.641119486173294,0.654177909969983
"understandEasi",0.851183688553938,0.836662050885927,1,0.762005661254831,0.712734939900564,0.744090456877716,0.812573382162048,0.819827640125434,0.790675080966757,0.773426497176034,0.744403792754892,-0.0601538969283867,-0.108740962465661,0.66448630527855,-0.420129335637872,0.682471114232058,0.697808063103119
"messi",0.691858749475864,0.699678991160897,0.762005661254831,1,0.927406098359407,0.890615721792722,0.822781311602866,0.807628988987495,0.780891381733254,0.749687459266433,0.776224269408405,NA,-0.0908553900974588,0.7723155272971,-0.619055929842532,0.867234424949878,0.870165041306986
"crowd",0.657043284985524,0.647020885762677,0.712734939900564,0.927406098359407,1,0.864789362185113,0.79814418093519,0.767510770704139,0.756930904693609,0.718521014401308,0.747490663222496,NA,-0.0509374311830276,0.74974196600252,-0.653461569315674,0.871605740268682,0.868469915045073
"distract",0.68562646452193,0.69852194544922,0.744090456877716,0.890615721792722,0.864789362185113,1,0.80358577730387,0.770278913968768,0.757595014167656,0.711000332202903,0.725188717223611,NA,-0.155277177405994,0.735705891847264,-0.551889941685109,0.804715419772853,0.811815728542434
"inform",0.757830014164417,0.747352472812827,0.812573382162048,0.822781311602866,0.79814418093519,0.80358577730387,1,0.909643378077948,0.877378298439401,0.778598525865012,0.787771418255296,NA,NA,0.741532749425546,-0.446953273832773,0.749211537114405,0.768820459343915
"identifi",0.774538175521583,0.785866026572819,0.819827640125434,0.807628988987495,0.767510770704139,0.770278913968768,0.909643378077948,1,0.894091457774355,0.808320086125229,0.791485375150535,NA,-0.0288482967754195,0.716521372339384,-0.455691211312653,0.737421513383376,0.753656212736837
"find",0.723451572489336,0.742793737878033,0.790675080966757,0.780891381733254,0.756930904693609,0.757595014167656,0.877378298439401,0.894091457774355,1,0.753919563735515,0.751076906013912,NA,-0.0626813551209885,0.71683395980487,-0.422546518668981,0.718868011114532,0.738908297734552
"visibl",0.707444279196264,0.717607917818403,0.773426497176034,0.749687459266433,0.718521014401308,0.711000332202903,0.778598525865012,0.808320086125229,0.753919563735515,1,0.911371674267098,-0.081426313469519,NA,0.675030366911076,-0.459870909668086,0.712023758597682,0.723836159719948
"see",0.706907829684972,0.680269755098536,0.744403792754892,0.776224269408405,0.747490663222496,0.725188717223611,0.787771418255296,0.791485375150535,0.751076906013912,0.911371674267098,1,NA,-0.0910362174636563,0.692629492869357,-0.463096668854578,0.725626309185246,0.738745056029742
"extravert",-0.010946139623256,NA,-0.0601538969283867,NA,NA,NA,NA,NA,NA,-0.081426313469519,NA,1,NA,NA,NA,NA,NA
"reserved",-0.116406921361896,-0.0665534405207066,-0.108740962465661,-0.0908553900974588,-0.0509374311830276,-0.155277177405994,NA,-0.0288482967754195,-0.0626813551209885,NA,-0.0910362174636563,NA,1,NA,NA,NA,NA
"crossing",0.606187562088706,0.618352266709929,0.66448630527855,0.7723155272971,0.74974196600252,0.735705891847264,0.741532749425546,0.716521372339384,0.71683395980487,0.675030366911076,0.692629492869357,NA,NA,1,-0.305948033893161,0.842344797714277,0.902599516695394
"crossingAngle",-0.426510339889866,-0.401614554200524,-0.420129335637872,-0.619055929842532,-0.653461569315674,-0.551889941685109,-0.446953273832773,-0.455691211312653,-0.422546518668981,-0.459870909668086,-0.463096668854578,NA,NA,-0.305948033893161,1,-0.770809643284072,-0.685987458951813
"angularResolutionMin",0.647072541527827,0.641119486173294,0.682471114232058,0.867234424949878,0.871605740268682,0.804715419772853,0.749211537114405,0.737421513383376,0.718868011114532,0.712023758597682,0.725626309185246,NA,NA,0.842344797714277,-0.770809643284072,1,0.992303143789072
"angularResolutionDev",0.656137860575404,0.654177909969983,0.697808063103119,0.870165041306986,0.868469915045073,0.811815728542434,0.768820459343915,0.753656212736837,0.738908297734552,0.723836159719948,0.738745056029742,NA,NA,0.902599516695394,-0.685987458951813,0.992303143789072,1
