"","answer","clearData","clearRepresent","complex","confid","confus","crowd","deciph","distinguish","distract","effect","find","identifi","inform","lost","meanElem","meanOveral","messi","obvious","organiz","read","readabl","represent","see","simpl","understandEasi","understandQuick","valu","visibl"
"answer",1,0.380916676892031,0.414904356501991,0.353263705744376,0.456045869624618,0.406504594939883,0.319950451570064,0.438754158097473,0.301798621031327,0.231147031801501,0.435971199508084,0.394696652567178,0.44873677419745,0.467934503625567,0.397478927097586,0.378871190033591,0.422563735479174,0.309634954283934,0.497212639188234,0.388784332852648,0.471017318936787,0.339997778032286,0.508302555733821,0.179952891321893,0.450544241008657,0.525444374809603,0.419306355693047,0.36575961687792,0.259779023081809
"clearData",0.380916676892031,1,0.721638360100762,0.614029356214978,0.432972962742313,0.558272400091204,0.565988903547918,0.55331306516336,0.613475089855173,0.505540287260092,0.59114878469661,0.537380267733776,0.620721829556565,0.604768396272131,0.541076620722119,0.492009394105308,0.372027290243034,0.651267852881926,0.418870453532984,0.616117618472382,0.68648239161829,0.640663695219963,0.600963725885829,0.39401749833232,0.692499909477646,0.691377588114119,0.60085608779045,0.341690074744069,0.412327987932294
"clearRepresent",0.414904356501991,0.721638360100762,1,0.653564506824195,0.508503018202571,0.530640292728464,0.590991864489585,0.552696582740066,0.53499605903641,0.555041061678051,0.602435162107213,0.515012101400628,0.597282397018372,0.56049665370843,0.48907825174265,0.439575543598483,0.462967163014359,0.637865325075672,0.553138945130916,0.648732501987114,0.660416463738241,0.640850444941969,0.62339634320679,0.359036797120458,0.711903145231984,0.678576410576954,0.634870605000952,0.345187080359772,0.41155302906164
"complex",0.353263705744376,0.614029356214978,0.653564506824195,1,0.468696881244696,0.555693476325794,0.572863575876356,0.533914462424861,0.467303420417499,0.489259598967334,0.541683359547053,0.422125127273782,0.504088966755651,0.495089419226038,0.547345920694349,0.45538336387801,0.413216240999319,0.56616512522366,0.514099066170535,0.632322225517001,0.5928061251932,0.570365224701845,0.633655136757289,0.26248056230307,0.645024136800899,0.63076396119644,0.591633843190541,0.319866961133604,0.302198790013925
"confid",0.456045869624618,0.432972962742313,0.508503018202571,0.468696881244696,1,0.503269683153147,0.344695569642339,0.411126073772996,0.339437423659467,0.276478989881066,0.487498591511037,0.328082984685464,0.42272789067903,0.410493933965384,0.43081012406458,0.400632622158653,0.432581431247949,0.37415156478035,0.606100013279344,0.463926946586743,0.492409708614046,0.397934894556973,0.589261427363625,0.29211055515822,0.468898424844043,0.566343283604806,0.456645630879584,0.294966475917251,0.284471927816276
"confus",0.406504594939883,0.558272400091204,0.530640292728464,0.555693476325795,0.503269683153147,1,0.554494997963869,0.541641492468589,0.458054668382708,0.474997269263721,0.493310117720415,0.463788533519725,0.493659355302249,0.444165707140526,0.602038373286111,0.377735879966679,0.402371745793214,0.578438219592104,0.4366431327748,0.594121274338273,0.566128267874151,0.518103321675596,0.52559310235329,0.312395794088205,0.546783973647477,0.598074726693614,0.606034777752013,0.264152313719464,0.312134823453807
"crowd",0.319950451570064,0.565988903547919,0.590991864489585,0.572863575876356,0.344695569642339,0.554494997963869,1,0.508247744829926,0.501372562344011,0.591011792036033,0.410772211240527,0.445674377484928,0.497193062685397,0.462437788602143,0.533609714238708,0.339000174740234,0.290299071415525,0.6895419493972,0.415335923746158,0.626505524648145,0.566806868369775,0.495581271428164,0.49631619560413,0.396273744176237,0.61961716244073,0.545834662204546,0.538078659086799,0.313424918581139,0.421488073646745
"deciph",0.438754158097472,0.55331306516336,0.552696582740066,0.533914462424861,0.411126073772996,0.541641492468589,0.508247744829926,1,0.477089333415774,0.457095564136162,0.525110088399622,0.457720516837243,0.50230174691546,0.549346676602604,0.598773976827817,0.388446663471759,0.37607319376913,0.542065956580442,0.42884789537456,0.508925748290747,0.538980623904731,0.447434849584972,0.528865024661968,0.28035149387101,0.597553702428588,0.528480278256212,0.512463050594849,0.35452016646022,0.286454446251793
"distinguish",0.301798621031327,0.613475089855173,0.53499605903641,0.467303420417499,0.339437423659467,0.458054668382708,0.501372562344011,0.477089333415774,1,0.473097640488027,0.5036481691892,0.597002145552044,0.531125604768989,0.549102280170619,0.455928155726877,0.420294873580069,0.311436766203124,0.523561851456548,0.328773348818935,0.494558367348207,0.569475526963131,0.5549619606156,0.494810891975097,0.406230673903377,0.546239988466608,0.537630688230268,0.494549101749518,0.364316289384417,0.416561231357172
"distract",0.231147031801501,0.505540287260092,0.555041061678051,0.489259598967334,0.276478989881066,0.474997269263721,0.591011792036033,0.457095564136162,0.473097640488027,1,0.454942419234565,0.454891763112218,0.331195269234027,0.364462508234118,0.499715049604418,0.400297108512689,0.307187615737318,0.639710951808012,0.306142606140323,0.569106940032695,0.458130834992312,0.491470208851243,0.432675684822524,0.364068026784892,0.553290606073174,0.474951740324309,0.425096398829815,0.27636945365637,0.362488352605353
"effect",0.435971199508084,0.591148784696609,0.602435162107213,0.541683359547053,0.487498591511037,0.493310117720415,0.410772211240527,0.525110088399622,0.5036481691892,0.454942419234565,1,0.475906757721871,0.56087649450209,0.571303913494658,0.507147834230456,0.427757008219223,0.367695288623349,0.524820623903459,0.511095275860138,0.515557999874039,0.579684491601077,0.555483484115205,0.598866074842692,0.356570856677717,0.645953466207388,0.612254765757082,0.570608637348945,0.354344200880493,0.285966315175443
"find",0.394696652567178,0.537380267733776,0.515012101400628,0.422125127273782,0.328082984685464,0.463788533519725,0.445674377484928,0.457720516837243,0.597002145552043,0.454891763112218,0.475906757721871,1,0.518544630045632,0.501554055243544,0.408588807611204,0.38044042964925,0.323946664525058,0.456081172029822,0.33630670832687,0.448109645417595,0.543861984118161,0.532127668539011,0.502402780684563,0.329651096216548,0.524231440820431,0.565482853726217,0.459452964868596,0.479529598616717,0.337016435569584
"identifi",0.44873677419745,0.620721829556565,0.597282397018372,0.504088966755651,0.42272789067903,0.493659355302249,0.497193062685397,0.50230174691546,0.531125604768989,0.331195269234027,0.560876494502091,0.518544630045633,1,0.665203103846231,0.435645584701072,0.41180661149401,0.363446194918354,0.498682322022733,0.433492376843761,0.52214900746443,0.622368700781626,0.552836729225773,0.553582322427354,0.466942355516053,0.616689290504518,0.606595889215266,0.56368303240401,0.462400642262525,0.434437226161331
"inform",0.467934503625567,0.604768396272131,0.56049665370843,0.495089419226038,0.410493933965384,0.444165707140526,0.462437788602143,0.549346676602604,0.549102280170619,0.364462508234118,0.571303913494658,0.501554055243544,0.665203103846231,1,0.500112487718073,0.445039657256614,0.425208037752557,0.483189230596579,0.510690370670299,0.478594289714149,0.640553468458653,0.590854738658681,0.579402037592769,0.360855686871758,0.615874626859472,0.654276719107608,0.504091822427446,0.404387004292825,0.360019504321472
"lost",0.397478927097586,0.541076620722119,0.48907825174265,0.547345920694349,0.43081012406458,0.602038373286111,0.533609714238708,0.598773976827817,0.455928155726877,0.499715049604418,0.507147834230456,0.408588807611204,0.435645584701072,0.500112487718073,1,0.420064526692073,0.377785423302927,0.656869004759809,0.435728577219052,0.52533607833581,0.534505840340769,0.453915674702787,0.540968925143499,0.28693085718237,0.548871677627121,0.572853431093845,0.56809530690737,0.238207419243002,0.33400086194638
"meanElem",0.378871190033591,0.492009394105308,0.439575543598483,0.45538336387801,0.400632622158653,0.377735879966679,0.339000174740234,0.388446663471759,0.420294873580069,0.400297108512689,0.427757008219223,0.38044042964925,0.41180661149401,0.445039657256614,0.420064526692073,1,0.43155548326992,0.35509147702843,0.383961149248779,0.395398508593185,0.387605142783357,0.363188420139959,0.516970214169513,0.278460138821422,0.399811688618488,0.526910222036337,0.396381394976656,0.207660742200264,0.324218125616979
"meanOveral",0.422563735479174,0.372027290243034,0.462967163014359,0.413216240999319,0.432581431247949,0.402371745793214,0.290299071415525,0.37607319376913,0.311436766203124,0.307187615737318,0.367695288623349,0.323946664525058,0.363446194918354,0.425208037752557,0.377785423302927,0.43155548326992,1,0.318100278259993,0.44877131822746,0.41542015717044,0.352907103127326,0.351687719041338,0.548816911891174,0.229313536965711,0.381534523091283,0.585738967971276,0.398785904397979,0.215502789550777,0.278849993134922
"messi",0.309634954283934,0.651267852881926,0.637865325075672,0.56616512522366,0.37415156478035,0.578438219592104,0.6895419493972,0.542065956580442,0.523561851456548,0.639710951808012,0.524820623903459,0.456081172029822,0.498682322022733,0.483189230596579,0.656869004759809,0.35509147702843,0.318100278259993,1,0.430231899593417,0.643231078681008,0.586361398397447,0.565419460207601,0.511780000064754,0.314961416533862,0.650201090727334,0.561906334789598,0.611592259031415,0.266630119282848,0.34632286175711
"obvious",0.497212639188234,0.418870453532984,0.553138945130916,0.514099066170534,0.606100013279344,0.4366431327748,0.415335923746158,0.42884789537456,0.328773348818935,0.306142606140323,0.511095275860138,0.33630670832687,0.433492376843761,0.510690370670299,0.435728577219052,0.383961149248779,0.44877131822746,0.430231899593417,1,0.468935153696359,0.557227309732429,0.443194588584186,0.625581986798635,0.253669484356505,0.52123013253632,0.574597587989798,0.588372026346996,0.287146770255566,0.282551204777236
"organiz",0.388784332852648,0.616117618472382,0.648732501987114,0.632322225517001,0.463926946586743,0.594121274338273,0.626505524648145,0.508925748290747,0.494558367348207,0.569106940032695,0.515557999874039,0.448109645417595,0.52214900746443,0.478594289714149,0.52533607833581,0.395398508593185,0.41542015717044,0.643231078681008,0.468935153696359,1,0.61507802124451,0.578968802786463,0.583010324708853,0.298954687798496,0.664558736739903,0.653984850178153,0.545513359868491,0.309586184772678,0.397408459422987
"read",0.471017318936787,0.68648239161829,0.660416463738241,0.5928061251932,0.492409708614046,0.566128267874151,0.566806868369775,0.538980623904731,0.569475526963131,0.458130834992312,0.579684491601077,0.543861984118161,0.622368700781626,0.640553468458653,0.534505840340769,0.387605142783357,0.352907103127326,0.586361398397446,0.557227309732429,0.61507802124451,1,0.736566742682022,0.643095906034096,0.395115277152393,0.76053614429681,0.689406755985885,0.669980195992923,0.34768077427396,0.396321673544367
"readabl",0.339997778032286,0.640663695219963,0.640850444941969,0.570365224701845,0.397934894556973,0.518103321675596,0.495581271428164,0.447434849584972,0.5549619606156,0.491470208851243,0.555483484115205,0.532127668539011,0.552836729225773,0.590854738658681,0.453915674702787,0.363188420139959,0.351687719041338,0.565419460207601,0.443194588584186,0.578968802786463,0.736566742682022,1,0.563018619671518,0.34664846762762,0.661230300653038,0.604740150257235,0.539284944630424,0.371417310596457,0.345248246078991
"represent",0.50830255573382,0.600963725885829,0.62339634320679,0.633655136757289,0.589261427363625,0.52559310235329,0.49631619560413,0.528865024661968,0.494810891975097,0.432675684822524,0.598866074842692,0.502402780684563,0.553582322427354,0.579402037592769,0.540968925143499,0.516970214169513,0.548816911891174,0.511780000064754,0.625581986798635,0.583010324708853,0.643095906034096,0.563018619671518,1,0.297188209784803,0.60287248916142,0.777098400871426,0.61840351612941,0.353261716145423,0.328283975149498
"see",0.179952891321893,0.39401749833232,0.359036797120458,0.262480562303069,0.29211055515822,0.312395794088205,0.396273744176237,0.28035149387101,0.406230673903377,0.364068026784892,0.356570856677717,0.329651096216548,0.466942355516053,0.360855686871758,0.28693085718237,0.278460138821422,0.229313536965711,0.314961416533862,0.253669484356505,0.298954687798496,0.395115277152393,0.34664846762762,0.297188209784803,1,0.378583493022137,0.329005329304407,0.288899474465942,0.269089127988208,0.702090150563897
"simpl",0.450544241008657,0.692499909477646,0.711903145231984,0.645024136800899,0.468898424844043,0.546783973647477,0.61961716244073,0.597553702428588,0.546239988466608,0.553290606073174,0.645953466207388,0.524231440820431,0.616689290504518,0.615874626859472,0.548871677627121,0.399811688618488,0.381534523091283,0.650201090727334,0.52123013253632,0.664558736739903,0.76053614429681,0.661230300653038,0.60287248916142,0.378583493022137,1,0.685975525281066,0.692349497065576,0.326149097095606,0.360327302965839
"understandEasi",0.525444374809603,0.691377588114119,0.678576410576953,0.63076396119644,0.566343283604806,0.598074726693614,0.545834662204546,0.528480278256212,0.537630688230268,0.474951740324309,0.612254765757082,0.565482853726217,0.606595889215266,0.654276719107608,0.572853431093845,0.526910222036337,0.585738967971276,0.561906334789598,0.574597587989798,0.653984850178153,0.689406755985885,0.604740150257235,0.777098400871426,0.329005329304407,0.685975525281066,1,0.682576951215846,0.355146402643595,0.425880051154101
"understandQuick",0.419306355693047,0.60085608779045,0.634870605000952,0.591633843190541,0.456645630879584,0.606034777752012,0.538078659086799,0.512463050594849,0.494549101749518,0.425096398829815,0.570608637348945,0.459452964868596,0.56368303240401,0.504091822427446,0.56809530690737,0.396381394976656,0.398785904397979,0.611592259031415,0.588372026346996,0.545513359868491,0.669980195992923,0.539284944630424,0.61840351612941,0.288899474465942,0.692349497065576,0.682576951215846,1,0.294426216880547,0.362891447081254
"valu",0.36575961687792,0.341690074744069,0.345187080359772,0.319866961133604,0.294966475917251,0.264152313719464,0.313424918581139,0.35452016646022,0.364316289384417,0.27636945365637,0.354344200880493,0.479529598616717,0.462400642262526,0.404387004292825,0.238207419243002,0.207660742200264,0.215502789550777,0.266630119282848,0.287146770255566,0.309586184772678,0.34768077427396,0.371417310596457,0.353261716145423,0.269089127988207,0.326149097095606,0.355146402643595,0.294426216880547,1,0.259872344308734
"visibl",0.259779023081809,0.412327987932294,0.41155302906164,0.302198790013925,0.284471927816276,0.312134823453807,0.421488073646745,0.286454446251793,0.416561231357172,0.362488352605353,0.285966315175443,0.337016435569584,0.434437226161331,0.360019504321472,0.33400086194638,0.324218125616979,0.278849993134922,0.34632286175711,0.282551204777236,0.397408459422987,0.396321673544367,0.345248246078991,0.328283975149498,0.702090150563897,0.360327302965839,0.425880051154101,0.362891447081254,0.259872344308734,1
