"","answer","clearData","clearRepresent","complex","confid","confus","crowd","deciph","distinguish","distract","effect","find","identifi","inform","lost","meanElem","meanOveral","messi","obvious","organiz","read","readabl","represent","see","simpl","understandEasi","understandQuick","valu","visibl"
"answer",1,0.578870468064498,0.559491627481123,0.442038817835638,0.629046753106434,0.433570264141085,0.475662232757872,0.450422005045639,0.354539386746693,0.42564118242801,0.539219790395007,0.458370193551292,0.643506977447186,0.628395357962302,0.395864524028606,0.529451127304793,0.51152088791252,0.448878417982647,0.576610110334168,0.432319516485699,0.654674802568783,0.584500378013167,0.652845092326361,0.418636188323487,0.595732504732523,0.642096386156298,0.573767673246908,0.455180503213986,0.385186445771714
"clearData",0.578870468064498,1,0.749761377619524,0.523952839318247,0.485688992231977,0.571405799886661,0.552139542595698,0.600118965377556,0.436661012131253,0.619745850243803,0.770285489865239,0.528359401488333,0.649719247601328,0.621557163747363,0.505817316989755,0.576264283358777,0.500951307549671,0.62568010763054,0.609042704772836,0.614753009554055,0.632677573449686,0.627142420591143,0.649155444975338,0.442074721848595,0.673741603394835,0.65667629519991,0.570307581573849,0.444589022705103,0.414563789750011
"clearRepresent",0.559491627481123,0.749761377619524,1,0.482319917397243,0.46496660819209,0.478464904633954,0.49287912373233,0.547947720060871,0.382508381078271,0.566947150105099,0.6694146984819,0.524837271466234,0.613143107465885,0.634455115623488,0.52180470081953,0.542149142166774,0.465223957024289,0.557143570599765,0.56671329406988,0.554823716802702,0.627772394810654,0.625620085754748,0.612887695768581,0.411222115530173,0.583900835596333,0.634102459913526,0.557228303854908,0.501691236554521,0.339455575820942
"complex",0.442038817835638,0.523952839318247,0.482319917397243,1,0.447756265933488,0.561179422652284,0.52338148039276,0.600714499077407,0.306559555391036,0.503804013629417,0.474985733335772,0.442277678204768,0.543569348822953,0.47831470447787,0.605372776148448,0.544668611847312,0.455659202835765,0.488389313160468,0.542915610109126,0.347189141968896,0.472963139863389,0.538867923726248,0.553258785733417,0.307337604905471,0.514456181967695,0.586794784619451,0.478607584504786,0.299094215584296,0.252137091913398
"confid",0.629046753106434,0.485688992231977,0.46496660819209,0.447756265933488,1,0.406589935637784,0.443013817473088,0.41369316802296,0.332385835619822,0.432669449935615,0.514685276051208,0.407503127179627,0.602233359760022,0.506657017297092,0.403192215276729,0.529009133452876,0.597723643399461,0.368980914461915,0.589239640661269,0.312670555078852,0.588111851123807,0.527232466554199,0.594837102033996,0.296932624562768,0.524061202697673,0.660930246713309,0.518204202623195,0.40209198545173,0.263988803843763
"confus",0.433570264141085,0.571405799886661,0.478464904633954,0.561179422652284,0.406589935637784,1,0.508045923622576,0.492918886380855,0.358111639860354,0.498784388596719,0.525144101385172,0.432081713625912,0.486448517574042,0.371345282762671,0.610356393688486,0.510465681594421,0.482229892134706,0.54202546590675,0.543595527558816,0.467373599291213,0.495611882554439,0.507980221604196,0.56845275761582,0.350637805418917,0.519703798592129,0.514217557395532,0.46297104781762,0.284333252305088,0.328218466988675
"crowd",0.475662232757872,0.552139542595698,0.49287912373233,0.52338148039276,0.443013817473088,0.508045923622576,1,0.543949631531048,0.307166809213092,0.501826969080806,0.515044864394043,0.35992135590227,0.542236499599163,0.499433179950715,0.582851946564891,0.442272139653201,0.408186555259884,0.481631999868258,0.446047685354182,0.406927050720152,0.545404406776524,0.533471105480483,0.467086883177993,0.299174124842461,0.547900813552746,0.601654259592141,0.472422392358401,0.283943541716232,0.295523989677207
"deciph",0.450422005045639,0.600118965377556,0.547947720060871,0.600714499077407,0.41369316802296,0.492918886380855,0.543949631531048,1,0.282126504939871,0.4235573707664,0.582400075022487,0.445316835378729,0.493473143908982,0.552762000026102,0.68151637201597,0.44596871929789,0.421083574105682,0.482121537348342,0.512384890790559,0.372268623527564,0.454299999479189,0.460306897808239,0.545812357602547,0.283931743105435,0.522116656389257,0.541789199664497,0.460612792410341,0.366346003573958,0.272454531640523
"distinguish",0.354539386746693,0.436661012131253,0.382508381078271,0.306559555391036,0.332385835619822,0.358111639860354,0.307166809213092,0.282126504939871,1,0.403607779916795,0.437367020979265,0.377126273470945,0.487947984329915,0.415042679581213,0.349305538006738,0.458346322569941,0.326197360542576,0.321340759221417,0.395832545642178,0.242948549535518,0.357895343325255,0.41960633835864,0.449104697683973,0.449034056535698,0.364387992419982,0.371578095302809,0.35301637769194,0.384714982347384,0.35329497781641
"distract",0.42564118242801,0.619745850243803,0.566947150105099,0.503804013629417,0.432669449935615,0.498784388596719,0.501826969080806,0.4235573707664,0.403607779916795,1,0.553576376188493,0.381700786690305,0.605579633877463,0.509208223119457,0.463693547148569,0.6029791306368,0.541726892473912,0.579287388963379,0.52916265251111,0.529951755636471,0.47422976844026,0.54293008038964,0.580377582895467,0.35784936222226,0.585786519960823,0.587641399935622,0.507944721240254,0.312929190926872,0.337016766894551
"effect",0.539219790395007,0.770285489865239,0.6694146984819,0.474985733335772,0.514685276051208,0.525144101385172,0.515044864394043,0.582400075022487,0.437367020979265,0.553576376188493,1,0.522263811650445,0.587130612904193,0.616028586009967,0.491072454691903,0.500587954808498,0.487661482978755,0.537820617083094,0.567538938407669,0.604797583389093,0.55940109239591,0.579064757391244,0.607646663817371,0.457805167333004,0.595105160180945,0.648457963031921,0.5527646828488,0.489361501040867,0.434241302738468
"find",0.458370193551292,0.528359401488333,0.524837271466234,0.442277678204768,0.407503127179627,0.432081713625912,0.35992135590227,0.445316835378729,0.377126273470945,0.381700786690305,0.522263811650445,1,0.54197884164433,0.605080729634462,0.418751971359472,0.477825578562456,0.370950604496366,0.389463607592467,0.510845507986062,0.391425947014348,0.491855401271544,0.497337399431002,0.529648980653104,0.465476523151628,0.509667801487432,0.470821227605463,0.524542620066672,0.522530444292493,0.457901110294941
"identifi",0.643506977447186,0.649719247601328,0.613143107465885,0.543569348822953,0.602233359760022,0.486448517574042,0.542236499599163,0.493473143908982,0.487947984329915,0.605579633877463,0.587130612904193,0.54197884164433,1,0.687044793801647,0.505940414143095,0.67770629722967,0.654308690436684,0.502968507462227,0.667668209364117,0.422539941983504,0.607290305156433,0.658342020833323,0.672158516184968,0.420484045980754,0.634280159846509,0.683218068497096,0.641752837631274,0.458302176590696,0.399655698077238
"inform",0.628395357962302,0.621557163747363,0.634455115623488,0.47831470447787,0.506657017297092,0.371345282762671,0.499433179950715,0.552762000026102,0.415042679581213,0.509208223119457,0.616028586009967,0.605080729634462,0.687044793801647,1,0.478812498348218,0.527493401233773,0.487386601686567,0.469365150918222,0.543143269129505,0.466935854939406,0.587276576822918,0.582548442716219,0.630399369084182,0.45184646131583,0.62478240854884,0.617868936042626,0.56098268769144,0.549532604102138,0.440681455489511
"lost",0.395864524028606,0.505817316989755,0.52180470081953,0.605372776148448,0.403192215276729,0.610356393688486,0.582851946564891,0.68151637201597,0.349305538006738,0.463693547148569,0.491072454691903,0.418751971359472,0.505940414143095,0.478812498348218,1,0.497673421411674,0.463154959993526,0.542895652614798,0.478126314594806,0.365637997780965,0.491222839257635,0.545810269139437,0.551364841011104,0.355571710499654,0.529033627145411,0.554812730385007,0.492779119842049,0.265792483052236,0.356706540913612
"meanElem",0.529451127304793,0.576264283358777,0.542149142166774,0.544668611847312,0.529009133452876,0.510465681594421,0.442272139653201,0.44596871929789,0.458346322569941,0.6029791306368,0.500587954808498,0.477825578562456,0.67770629722967,0.527493401233773,0.497673421411674,1,0.606682521107776,0.382856896781875,0.651244196703511,0.357873741105828,0.54837703805185,0.576984398883815,0.731289098584299,0.369208370691909,0.573310965859029,0.603262447141714,0.555797329814781,0.385319146084916,0.312249967551535
"meanOveral",0.51152088791252,0.500951307549671,0.465223957024289,0.455659202835765,0.597723643399461,0.482229892134706,0.408186555259884,0.421083574105682,0.326197360542576,0.541726892473912,0.487661482978755,0.370950604496366,0.654308690436684,0.487386601686567,0.463154959993526,0.606682521107776,1,0.450714836530575,0.578369057539227,0.372369970152589,0.493704400716481,0.53210548628069,0.648250735592119,0.315278987141345,0.553413289415335,0.625079881135225,0.551611244215311,0.277098848579751,0.28321129191942
"messi",0.448878417982647,0.62568010763054,0.557143570599765,0.488389313160468,0.368980914461915,0.54202546590675,0.481631999868258,0.482121537348342,0.321340759221417,0.579287388963379,0.537820617083094,0.389463607592467,0.502968507462227,0.469365150918222,0.542895652614798,0.382856896781875,0.450714836530575,1,0.475668553926447,0.707838258542954,0.458744170444128,0.5213314776599,0.542365269494115,0.397855220072974,0.551216264133456,0.572191491372411,0.529084568937459,0.296063424034618,0.386637686329029
"obvious",0.576610110334168,0.609042704772836,0.56671329406988,0.542915610109126,0.589239640661269,0.543595527558816,0.446047685354182,0.512384890790559,0.395832545642178,0.52916265251111,0.567538938407669,0.510845507986062,0.667668209364117,0.543143269129505,0.478126314594806,0.651244196703511,0.578369057539227,0.475668553926447,1,0.424593539524193,0.601798556480829,0.63623888549002,0.725805377501526,0.393123996429548,0.580141726363049,0.636147788522648,0.585617505080371,0.419656071818747,0.326465728716181
"organiz",0.432319516485699,0.614753009554055,0.554823716802702,0.347189141968896,0.312670555078852,0.467373599291213,0.406927050720152,0.372268623527564,0.242948549535518,0.529951755636471,0.604797583389093,0.391425947014348,0.422539941983504,0.466935854939406,0.365637997780965,0.357873741105828,0.372369970152589,0.707838258542954,0.424593539524193,1,0.438721299445197,0.485234127934475,0.478223305562644,0.414520253900345,0.56844412089558,0.471140997778915,0.452901013319677,0.39170851446492,0.400869953108289
"read",0.654674802568783,0.632677573449686,0.627772394810654,0.472963139863389,0.588111851123807,0.495611882554439,0.545404406776524,0.454299999479189,0.357895343325255,0.47422976844026,0.55940109239591,0.491855401271544,0.607290305156433,0.587276576822918,0.491222839257635,0.54837703805185,0.493704400716481,0.458744170444128,0.601798556480829,0.438721299445197,1,0.703181246206174,0.656135872087143,0.338845170561778,0.691445327011728,0.697480960411953,0.672762423919598,0.442757500295842,0.262650229079124
"readabl",0.584500378013167,0.627142420591143,0.625620085754748,0.538867923726248,0.527232466554199,0.507980221604196,0.533471105480483,0.46030689780824,0.41960633835864,0.54293008038964,0.579064757391244,0.497337399431002,0.658342020833323,0.582548442716219,0.545810269139437,0.576984398883815,0.53210548628069,0.5213314776599,0.63623888549002,0.485234127934474,0.703181246206174,1,0.655865295829691,0.409777096578877,0.679134711608266,0.70357336232762,0.644208935358928,0.434937583496261,0.357115084748649
"represent",0.652845092326361,0.649155444975338,0.612887695768581,0.553258785733417,0.594837102033996,0.56845275761582,0.467086883177993,0.545812357602547,0.449104697683973,0.580377582895467,0.607646663817371,0.529648980653104,0.672158516184968,0.630399369084182,0.551364841011104,0.731289098584299,0.648250735592119,0.542365269494115,0.725805377501526,0.478223305562644,0.656135872087143,0.655865295829691,1,0.42253932618078,0.681581914836245,0.69850501301064,0.617562261213574,0.45638837956439,0.376603966395403
"see",0.418636188323487,0.442074721848595,0.411222115530173,0.307337604905471,0.296932624562768,0.350637805418917,0.299174124842461,0.283931743105435,0.449034056535698,0.35784936222226,0.457805167333004,0.465476523151628,0.420484045980754,0.45184646131583,0.355571710499654,0.369208370691909,0.315278987141345,0.397855220072974,0.393123996429548,0.414520253900345,0.338845170561778,0.409777096578877,0.42253932618078,1,0.32881271978065,0.39404600653044,0.291867571351196,0.397074034622145,0.77203282289186
"simpl",0.595732504732523,0.673741603394835,0.583900835596333,0.514456181967695,0.524061202697673,0.519703798592129,0.547900813552746,0.522116656389257,0.364387992419982,0.585786519960823,0.595105160180945,0.509667801487432,0.634280159846509,0.62478240854884,0.529033627145411,0.573310965859029,0.553413289415335,0.551216264133456,0.580141726363049,0.56844412089558,0.691445327011728,0.679134711608266,0.681581914836245,0.32881271978065,1,0.679259003744571,0.632045868726349,0.417392371198907,0.312647830293433
"understandEasi",0.642096386156298,0.65667629519991,0.634102459913526,0.586794784619451,0.660930246713309,0.514217557395532,0.601654259592141,0.541789199664497,0.371578095302809,0.587641399935622,0.648457963031921,0.470821227605463,0.683218068497096,0.617868936042626,0.554812730385007,0.603262447141714,0.625079881135224,0.572191491372411,0.636147788522648,0.471140997778915,0.697480960411954,0.70357336232762,0.69850501301064,0.39404600653044,0.679259003744571,1,0.68118853358246,0.384708731522283,0.36729211672894
"understandQuick",0.573767673246908,0.570307581573849,0.557228303854908,0.478607584504786,0.518204202623195,0.46297104781762,0.472422392358401,0.460612792410341,0.35301637769194,0.507944721240254,0.5527646828488,0.524542620066672,0.641752837631274,0.56098268769144,0.492779119842049,0.555797329814781,0.551611244215311,0.529084568937459,0.585617505080371,0.452901013319677,0.672762423919598,0.644208935358928,0.617562261213574,0.291867571351196,0.632045868726349,0.68118853358246,1,0.412788544218042,0.312943599861349
"valu",0.455180503213986,0.444589022705103,0.501691236554521,0.299094215584296,0.40209198545173,0.284333252305088,0.283943541716232,0.366346003573958,0.384714982347384,0.312929190926872,0.489361501040867,0.522530444292493,0.458302176590696,0.549532604102138,0.265792483052236,0.385319146084916,0.277098848579751,0.296063424034618,0.419656071818747,0.39170851446492,0.442757500295842,0.434937583496261,0.45638837956439,0.397074034622145,0.417392371198907,0.384708731522283,0.412788544218042,1,0.399200594079446
"visibl",0.385186445771714,0.414563789750011,0.339455575820942,0.252137091913398,0.263988803843763,0.328218466988675,0.295523989677207,0.272454531640523,0.35329497781641,0.337016766894551,0.434241302738468,0.457901110294941,0.399655698077238,0.440681455489511,0.356706540913612,0.312249967551535,0.28321129191942,0.386637686329029,0.326465728716181,0.400869953108289,0.262650229079124,0.357115084748649,0.376603966395403,0.77203282289186,0.312647830293433,0.36729211672894,0.312943599861349,0.399200594079446,1
