"","answer","clearData","clearRepresent","complex","confid","confus","crowd","deciph","distinguish","distract","effect","find","identifi","inform","lost","meanElem","meanOveral","messi","obvious","organiz","read","readabl","represent","see","simpl","understandEasi","understandQuick","valu","visibl"
"answer",1,0.534672769915445,0.594852433415255,0.5253729677421,0.545466323544965,0.496666310270267,0.283230388186865,0.590266607697654,0.481731559491085,0.389976413512767,0.531388502879206,0.52691093796219,0.598957667368512,0.621708920750855,0.551986704748559,0.503084891221677,0.475013616916887,0.329197460157602,0.534933280954823,0.456145216878292,0.594794012127398,0.562167202403748,0.532562931539166,0.475246987235569,0.536952370041771,0.535127822480407,0.534498780673208,0.314937383997719,0.486686443764707
"clearData",0.534672769915445,1,0.733583006695236,0.653629110360026,0.412606030991926,0.689078982793462,0.387476516386834,0.699194127085727,0.582360186984308,0.582457317103065,0.674055690202399,0.694985928471397,0.673739064738448,0.702835845470485,0.594780235080052,0.509102226400454,0.351447118432413,0.5660973140679,0.474347005664966,0.658686170990307,0.711326958315125,0.670062124478861,0.510754159977008,0.47185250641311,0.725015787382848,0.585056700626591,0.579307647934028,0.419758574299509,0.532609625207068
"clearRepresent",0.594852433415255,0.733583006695236,1,0.668286644778897,0.466428376661253,0.673780705056166,0.382445607308014,0.68751797144929,0.509622106698679,0.487819254578892,0.629471058007733,0.652142153294105,0.667825407396503,0.677825497947404,0.625438187983534,0.568701767580702,0.435991559379401,0.561222578252203,0.519769925841198,0.631192624535242,0.69849892278619,0.665611698112961,0.539081372828755,0.505716726619203,0.718907878759535,0.569588424351757,0.625432022642466,0.383800150408735,0.492738158254935
"complex",0.5253729677421,0.653629110360026,0.668286644778897,1,0.411808069813156,0.641679937790167,0.429851578852753,0.679107680307777,0.440194956191754,0.440357934579913,0.538740179561813,0.56965877937142,0.527720747033091,0.579083618195243,0.577949329661859,0.526537381969989,0.457391436193263,0.512303462628423,0.534506928581202,0.560321156830951,0.676929671889864,0.597093529657771,0.569021337117395,0.406797977093748,0.71844374445667,0.595621823995833,0.68703730050838,0.338092996590753,0.458717571355696
"confid",0.545466323544965,0.412606030991926,0.466428376661253,0.411808069813156,1,0.478323318534783,0.188556079206388,0.471436030403425,0.407052841176496,0.312799976250499,0.462604875409208,0.41307847502335,0.50326660400909,0.470037948180013,0.508000458473713,0.474783448805367,0.549175556341472,0.241158206417558,0.615795334928151,0.363100048119403,0.475256472339757,0.495623871871909,0.542915586887217,0.370101638587024,0.426941340465585,0.631795950181073,0.581963000352785,0.282842010506166,0.396119197649829
"confus",0.496666310270267,0.689078982793462,0.673780705056166,0.641679937790167,0.478323318534783,1,0.391378963564439,0.685660944400633,0.472139587881875,0.524215466270781,0.557520075470601,0.602555164968361,0.582585956009588,0.616776164263646,0.63222135219474,0.512112230310961,0.438260141213634,0.527418607854126,0.488745066000765,0.544165181953078,0.672215231639606,0.610023453158301,0.50697476269715,0.374344004271734,0.671031093657306,0.617472100254188,0.636057092422805,0.319814141795031,0.421553577556834
"crowd",0.283230388186865,0.387476516386834,0.382445607308014,0.429851578852753,0.188556079206388,0.391378963564439,1,0.387503015058884,0.199957255782916,0.42935353536181,0.331604437861231,0.262705475910269,0.295134452537401,0.293116193704145,0.383476756917226,0.249017746937643,0.245562242561157,0.584981335709378,0.336763548632403,0.51170936484085,0.311357349424565,0.258075422694827,0.329056141661005,0.240394909037455,0.381037780757162,0.234958231093367,0.255698098091758,0.152625616730778,0.289037346127745
"deciph",0.590266607697654,0.699194127085727,0.68751797144929,0.679107680307777,0.471436030403425,0.685660944400633,0.387503015058884,1,0.550364637287384,0.523078703549245,0.621493123173481,0.627204973178904,0.65847081057668,0.647633257897448,0.66527877250033,0.492813175324205,0.421450254978498,0.53826872965162,0.511875463272394,0.615889848270539,0.745291415248386,0.617572572998229,0.512637348952103,0.417235060588265,0.679915317440616,0.568697066420712,0.65668571878325,0.354511560451354,0.411735847669299
"distinguish",0.481731559491085,0.582360186984308,0.509622106698679,0.440194956191754,0.407052841176496,0.472139587881875,0.199957255782916,0.550364637287384,1,0.430817080139436,0.538213659779966,0.586933954214444,0.595064340514178,0.536190455611587,0.498103484871629,0.436438028458906,0.33948937406331,0.300497373717549,0.422587689885134,0.453072506627168,0.623085943567198,0.535277393838036,0.45880836122348,0.487743299045613,0.50058355240871,0.487657888404983,0.473510227839027,0.293475349223471,0.474820338060283
"distract",0.389976413512767,0.582457317103065,0.487819254578892,0.440357934579913,0.312799976250499,0.524215466270781,0.42935353536181,0.523078703549245,0.430817080139436,1,0.511169343631237,0.525031803665891,0.4675078814634,0.467526892039416,0.508768196272455,0.411583402624237,0.327336370075076,0.473263951636448,0.38164763287383,0.51179624209659,0.482253585854834,0.466139986552429,0.389327136859733,0.331245787711765,0.499408068027183,0.393273376123005,0.400987575636267,0.294906793985358,0.380029497135299
"effect",0.531388502879206,0.674055690202399,0.629471058007733,0.538740179561813,0.462604875409208,0.557520075470601,0.331604437861231,0.621493123173481,0.538213659779966,0.511169343631237,1,0.617553064117791,0.619433447902249,0.668308670782216,0.565893957458704,0.422836329082631,0.400773213016456,0.481101747996384,0.528494164992305,0.633819721173975,0.649251707106313,0.639830405795357,0.505498084602889,0.493312831740314,0.642088384494798,0.536908608875315,0.561916465945218,0.400970253572395,0.480662980827781
"find",0.52691093796219,0.694985928471397,0.652142153294105,0.56965877937142,0.41307847502335,0.602555164968361,0.262705475910269,0.627204973178904,0.586933954214444,0.525031803665891,0.617553064117791,1,0.665900802260495,0.706125455016097,0.549776583846872,0.575859344910512,0.35932809785977,0.427467714416254,0.447752010019555,0.511500371469764,0.738096247192037,0.652046684349402,0.471808741712101,0.466870671401796,0.663562162665507,0.564373580292907,0.60219108532916,0.437690804193326,0.513252832530313
"identifi",0.598957667368512,0.673739064738448,0.667825407396503,0.527720747033091,0.50326660400909,0.582585956009588,0.295134452537401,0.65847081057668,0.595064340514178,0.4675078814634,0.619433447902249,0.665900802260495,1,0.699661520790256,0.622933727574842,0.581748976650279,0.448139632194338,0.418663801639001,0.52276043886571,0.529058446988833,0.754416225005767,0.604486440148848,0.579865484001994,0.48286702906221,0.607406461884513,0.597678402299091,0.608104835369251,0.400866348412519,0.515045993765863
"inform",0.621708920750855,0.702835845470485,0.677825497947404,0.579083618195243,0.470037948180013,0.616776164263646,0.293116193704145,0.647633257897448,0.536190455611587,0.467526892039416,0.668308670782216,0.706125455016097,0.699661520790256,1,0.569448839728663,0.504533093795831,0.435522396893691,0.50622229487585,0.4921101472584,0.573210754617001,0.780727011445045,0.682427347460485,0.513299361879064,0.512259099328408,0.675212521107946,0.603935576644573,0.634844897060098,0.37544726025998,0.536861151597118
"lost",0.551986704748559,0.594780235080052,0.625438187983534,0.577949329661859,0.508000458473713,0.63222135219474,0.383476756917226,0.66527877250033,0.498103484871629,0.508768196272455,0.565893957458704,0.549776583846872,0.622933727574842,0.569448839728663,1,0.439530396896321,0.445729581003318,0.492722228554348,0.536950778408191,0.543036017417046,0.636598400475972,0.606027296622337,0.537302145193165,0.412096893477468,0.611169236540928,0.587269390680733,0.603993426655924,0.413164018302059,0.476302873541547
"meanElem",0.503084891221677,0.509102226400454,0.568701767580702,0.526537381969989,0.474783448805367,0.512112230310961,0.249017746937643,0.492813175324205,0.436438028458906,0.411583402624237,0.422836329082631,0.575859344910512,0.581748976650279,0.504533093795831,0.439530396896321,1,0.550711450077698,0.325335975424306,0.492506605618436,0.398701803985834,0.571856473581532,0.498504406147582,0.5988577055345,0.444715802522722,0.528076188054478,0.569250874852639,0.581387525411877,0.295190886688657,0.472539277548355
"meanOveral",0.475013616916887,0.351447118432413,0.435991559379401,0.457391436193263,0.549175556341472,0.438260141213634,0.245562242561157,0.421450254978498,0.33948937406331,0.327336370075076,0.400773213016456,0.35932809785977,0.448139632194338,0.435522396893691,0.445729581003318,0.550711450077698,1,0.240086106560763,0.603245703528545,0.362319691004159,0.438120355895793,0.413596404397698,0.563121325613017,0.345994802471551,0.440682641396827,0.570126852584327,0.593194960748115,0.134440320662396,0.38768565178091
"messi",0.329197460157602,0.5660973140679,0.561222578252203,0.512303462628423,0.241158206417558,0.527418607854126,0.584981335709377,0.53826872965162,0.300497373717549,0.473263951636448,0.481101747996384,0.427467714416254,0.418663801639002,0.50622229487585,0.492722228554348,0.325335975424306,0.240086106560763,1,0.326600734750303,0.574206101932148,0.497452740491364,0.442893925107558,0.40116446675717,0.296831195957477,0.538956610036927,0.372837859522062,0.448373370934121,0.262962068412505,0.357603567199964
"obvious",0.534933280954823,0.474347005664966,0.519769925841198,0.534506928581202,0.615795334928151,0.488745066000765,0.336763548632403,0.511875463272394,0.422587689885134,0.38164763287383,0.528494164992305,0.447752010019555,0.52276043886571,0.4921101472584,0.536950778408191,0.492506605618436,0.603245703528545,0.326600734750303,1,0.469952509418004,0.480106281142226,0.484039660005079,0.638378240959263,0.404133766308453,0.488226894222336,0.606520784887892,0.620460918301017,0.247005888947784,0.418526324502469
"organiz",0.456145216878292,0.658686170990307,0.631192624535242,0.560321156830951,0.363100048119403,0.544165181953078,0.51170936484085,0.615889848270539,0.453072506627168,0.51179624209659,0.633819721173975,0.511500371469764,0.529058446988833,0.573210754617001,0.543036017417046,0.398701803985834,0.362319691004159,0.574206101932148,0.469952509418004,1,0.546546888288931,0.598625811817601,0.519106431348621,0.446569426746324,0.603506767620216,0.450997200304828,0.49595491631363,0.3407100631807,0.476707839424446
"read",0.594794012127398,0.711326958315125,0.69849892278619,0.676929671889864,0.475256472339757,0.672215231639606,0.311357349424565,0.745291415248386,0.623085943567198,0.482253585854834,0.649251707106313,0.738096247192037,0.754416225005767,0.780727011445045,0.636598400475972,0.571856473581532,0.438120355895793,0.497452740491364,0.480106281142226,0.546546888288931,1,0.729439147815798,0.519747365838544,0.540268016683661,0.775770650453672,0.657051489887396,0.682902673688756,0.430391567715982,0.537063557110613
"readabl",0.562167202403748,0.670062124478861,0.665611698112961,0.597093529657771,0.495623871871909,0.610023453158301,0.258075422694827,0.617572572998229,0.535277393838036,0.466139986552429,0.639830405795358,0.652046684349402,0.604486440148848,0.682427347460485,0.606027296622337,0.498504406147582,0.413596404397698,0.442893925107558,0.484039660005079,0.598625811817601,0.729439147815798,1,0.481254046747425,0.530804089915814,0.680581571690668,0.578440240135092,0.581972419997435,0.417920565873218,0.513051372989665
"represent",0.532562931539166,0.510754159977008,0.539081372828755,0.569021337117395,0.542915586887217,0.50697476269715,0.329056141661005,0.512637348952103,0.45880836122348,0.389327136859733,0.505498084602889,0.471808741712101,0.579865484001994,0.513299361879064,0.537302145193165,0.5988577055345,0.563121325613017,0.40116446675717,0.638378240959263,0.519106431348621,0.519747365838544,0.481254046747425,1,0.455111956803169,0.532531732217935,0.653719046050077,0.609965464122439,0.30374365966529,0.536136198785532
"see",0.475246987235569,0.47185250641311,0.505716726619203,0.406797977093748,0.370101638587024,0.374344004271734,0.240394909037455,0.417235060588265,0.487743299045613,0.331245787711765,0.493312831740314,0.466870671401796,0.48286702906221,0.512259099328408,0.412096893477468,0.444715802522722,0.345994802471551,0.296831195957477,0.404133766308453,0.446569426746324,0.540268016683661,0.530804089915814,0.455111956803169,1,0.527776234402995,0.412368619870939,0.453558298383126,0.352272116997182,0.750510168474347
"simpl",0.536952370041771,0.725015787382848,0.718907878759535,0.71844374445667,0.426941340465585,0.671031093657306,0.381037780757162,0.679915317440616,0.50058355240871,0.499408068027183,0.642088384494798,0.663562162665507,0.607406461884513,0.675212521107946,0.611169236540928,0.528076188054478,0.440682641396827,0.538956610036927,0.488226894222336,0.603506767620216,0.775770650453672,0.680581571690668,0.532531732217935,0.527776234402995,1,0.61433789134042,0.706790210546832,0.396324690292228,0.543805570273612
"understandEasi",0.535127822480407,0.585056700626591,0.569588424351757,0.595621823995833,0.631795950181073,0.617472100254188,0.234958231093367,0.568697066420712,0.487657888404983,0.393273376123005,0.536908608875315,0.564373580292907,0.597678402299091,0.603935576644573,0.587269390680733,0.569250874852639,0.570126852584327,0.372837859522062,0.606520784887892,0.450997200304828,0.657051489887396,0.578440240135092,0.653719046050077,0.412368619870939,0.61433789134042,1,0.693448931594492,0.259255903859744,0.475650419560479
"understandQuick",0.534498780673208,0.579307647934028,0.625432022642466,0.68703730050838,0.581963000352785,0.636057092422805,0.255698098091758,0.65668571878325,0.473510227839027,0.400987575636267,0.561916465945218,0.60219108532916,0.608104835369251,0.634844897060098,0.603993426655924,0.581387525411877,0.593194960748115,0.448373370934121,0.620460918301017,0.49595491631363,0.682902673688756,0.581972419997435,0.609965464122439,0.453558298383126,0.706790210546833,0.693448931594492,1,0.274593642495084,0.503524878667486
"valu",0.314937383997719,0.419758574299509,0.383800150408735,0.338092996590753,0.282842010506166,0.319814141795031,0.152625616730778,0.354511560451354,0.293475349223471,0.294906793985358,0.400970253572395,0.437690804193326,0.400866348412519,0.37544726025998,0.413164018302059,0.295190886688657,0.134440320662396,0.262962068412505,0.247005888947784,0.3407100631807,0.430391567715982,0.417920565873218,0.30374365966529,0.352272116997182,0.396324690292228,0.259255903859744,0.274593642495084,1,0.409884067157625
"visibl",0.486686443764707,0.532609625207068,0.492738158254935,0.458717571355696,0.396119197649829,0.421553577556834,0.289037346127745,0.411735847669299,0.474820338060283,0.380029497135299,0.480662980827781,0.513252832530313,0.515045993765863,0.536861151597118,0.476302873541547,0.472539277548355,0.38768565178091,0.357603567199964,0.418526324502469,0.476707839424446,0.537063557110613,0.513051372989665,0.536136198785532,0.750510168474347,0.543805570273612,0.475650419560479,0.503524878667486,0.409884067157625,1
