"","answer","clearData","clearRepresent","complex","confid","confus","crowd","deciph","distinguish","distract","effect","find","identifi","inform","lost","meanElem","meanOveral","messi","obvious","organiz","read","readabl","represent","see","simpl","understandEasi","understandQuick","valu","visibl"
"answer",1,NA,NA,NA,NA,NA,NA,NA,NA,NA,NA,NA,NA,NA,NA,NA,NA,NA,NA,NA,NA,NA,NA,NA,NA,NA,NA,NA,NA
"clearData",NA,1,NA,NA,NA,NA,NA,NA,NA,NA,NA,NA,NA,NA,NA,NA,NA,NA,NA,NA,NA,NA,NA,NA,NA,NA,NA,NA,NA
"clearRepresent",NA,NA,1,NA,NA,NA,NA,NA,NA,NA,NA,NA,NA,NA,NA,NA,NA,NA,NA,NA,NA,NA,NA,NA,NA,NA,NA,NA,NA
"complex",NA,NA,NA,1,0.447756265933488,0.561179422652284,0.52338148039276,0.600714499077407,NA,0.503804013629417,NA,NA,NA,0.47831470447787,0.605372776148448,0.544668611847312,0.455659202835765,0.488389313160468,0.542915610109126,NA,NA,NA,0.553258785733417,NA,NA,0.586794784619451,0.478607584504786,NA,NA
"confid",NA,NA,NA,0.447756265933488,1,0.406589935637784,0.443013817473089,0.41369316802296,NA,0.432669449935615,NA,NA,NA,0.506657017297093,0.403192215276729,0.529009133452875,0.597723643399461,0.368980914461915,0.589239640661269,NA,NA,NA,0.594837102033996,NA,NA,0.660930246713309,0.518204202623195,NA,NA
"confus",NA,NA,NA,0.561179422652284,0.406589935637784,1,0.508045923622576,0.492918886380855,NA,0.498784388596719,NA,NA,NA,0.371345282762671,0.610356393688486,0.510465681594421,0.482229892134706,0.54202546590675,0.543595527558816,NA,NA,NA,0.56845275761582,NA,NA,0.514217557395532,0.46297104781762,NA,NA
"crowd",NA,NA,NA,0.52338148039276,0.443013817473089,0.508045923622576,1,0.543949631531048,NA,0.501826969080806,NA,NA,NA,0.499433179950715,0.582851946564891,0.442272139653201,0.408186555259884,0.481631999868258,0.446047685354182,NA,NA,NA,0.467086883177993,NA,NA,0.601654259592141,0.472422392358401,NA,NA
"deciph",NA,NA,NA,0.600714499077407,0.41369316802296,0.492918886380855,0.543949631531048,1,NA,0.4235573707664,NA,NA,NA,0.552762000026102,0.68151637201597,0.44596871929789,0.421083574105682,0.482121537348342,0.512384890790559,NA,NA,NA,0.545812357602547,NA,NA,0.541789199664497,0.460612792410341,NA,NA
"distinguish",NA,NA,NA,NA,NA,NA,NA,NA,1,NA,NA,NA,NA,NA,NA,NA,NA,NA,NA,NA,NA,NA,NA,NA,NA,NA,NA,NA,NA
"distract",NA,NA,NA,0.503804013629417,0.432669449935615,0.498784388596719,0.501826969080806,0.4235573707664,NA,1,NA,NA,NA,0.509208223119457,0.463693547148569,0.6029791306368,0.541726892473912,0.579287388963379,0.52916265251111,NA,NA,NA,0.580377582895467,NA,NA,0.587641399935622,0.507944721240254,NA,NA
"effect",NA,NA,NA,NA,NA,NA,NA,NA,NA,NA,1,NA,NA,NA,NA,NA,NA,NA,NA,NA,NA,NA,NA,NA,NA,NA,NA,NA,NA
"find",NA,NA,NA,NA,NA,NA,NA,NA,NA,NA,NA,1,NA,NA,NA,NA,NA,NA,NA,NA,NA,NA,NA,NA,NA,NA,NA,NA,NA
"identifi",NA,NA,NA,NA,NA,NA,NA,NA,NA,NA,NA,NA,1,NA,NA,NA,NA,NA,NA,NA,NA,NA,NA,NA,NA,NA,NA,NA,NA
"inform",NA,NA,NA,0.47831470447787,0.506657017297093,0.371345282762671,0.499433179950715,0.552762000026102,NA,0.509208223119457,NA,NA,NA,1,0.478812498348218,0.527493401233773,0.487386601686567,0.469365150918223,0.543143269129505,NA,NA,NA,0.630399369084182,NA,NA,0.617868936042626,0.56098268769144,NA,NA
"lost",NA,NA,NA,0.605372776148448,0.403192215276729,0.610356393688486,0.582851946564891,0.68151637201597,NA,0.463693547148569,NA,NA,NA,0.478812498348218,1,0.497673421411674,0.463154959993526,0.542895652614798,0.478126314594806,NA,NA,NA,0.551364841011104,NA,NA,0.554812730385007,0.492779119842049,NA,NA
"meanElem",NA,NA,NA,0.544668611847312,0.529009133452875,0.510465681594421,0.442272139653201,0.44596871929789,NA,0.6029791306368,NA,NA,NA,0.527493401233773,0.497673421411674,1,0.606682521107776,0.382856896781875,0.651244196703511,NA,NA,NA,0.731289098584299,NA,NA,0.603262447141714,0.555797329814781,NA,NA
"meanOveral",NA,NA,NA,0.455659202835765,0.597723643399461,0.482229892134706,0.408186555259884,0.421083574105682,NA,0.541726892473912,NA,NA,NA,0.487386601686567,0.463154959993526,0.606682521107776,1,0.450714836530575,0.578369057539227,NA,NA,NA,0.648250735592119,NA,NA,0.625079881135225,0.551611244215311,NA,NA
"messi",NA,NA,NA,0.488389313160468,0.368980914461915,0.54202546590675,0.481631999868258,0.482121537348342,NA,0.579287388963379,NA,NA,NA,0.469365150918223,0.542895652614798,0.382856896781875,0.450714836530575,1,0.475668553926447,NA,NA,NA,0.542365269494115,NA,NA,0.572191491372411,0.529084568937459,NA,NA
"obvious",NA,NA,NA,0.542915610109126,0.589239640661269,0.543595527558816,0.446047685354182,0.512384890790559,NA,0.52916265251111,NA,NA,NA,0.543143269129505,0.478126314594806,0.651244196703511,0.578369057539227,0.475668553926447,1,NA,NA,NA,0.725805377501526,NA,NA,0.636147788522648,0.585617505080371,NA,NA
"organiz",NA,NA,NA,NA,NA,NA,NA,NA,NA,NA,NA,NA,NA,NA,NA,NA,NA,NA,NA,1,NA,NA,NA,NA,NA,NA,NA,NA,NA
"read",NA,NA,NA,NA,NA,NA,NA,NA,NA,NA,NA,NA,NA,NA,NA,NA,NA,NA,NA,NA,1,NA,NA,NA,NA,NA,NA,NA,NA
"readabl",NA,NA,NA,NA,NA,NA,NA,NA,NA,NA,NA,NA,NA,NA,NA,NA,NA,NA,NA,NA,NA,1,NA,NA,NA,NA,NA,NA,NA
"represent",NA,NA,NA,0.553258785733417,0.594837102033996,0.56845275761582,0.467086883177993,0.545812357602547,NA,0.580377582895467,NA,NA,NA,0.630399369084182,0.551364841011104,0.731289098584299,0.648250735592119,0.542365269494115,0.725805377501526,NA,NA,NA,1,NA,NA,0.69850501301064,0.617562261213574,NA,NA
"see",NA,NA,NA,NA,NA,NA,NA,NA,NA,NA,NA,NA,NA,NA,NA,NA,NA,NA,NA,NA,NA,NA,NA,1,NA,NA,NA,NA,NA
"simpl",NA,NA,NA,NA,NA,NA,NA,NA,NA,NA,NA,NA,NA,NA,NA,NA,NA,NA,NA,NA,NA,NA,NA,NA,1,NA,NA,NA,NA
"understandEasi",NA,NA,NA,0.586794784619451,0.660930246713309,0.514217557395532,0.601654259592141,0.541789199664497,NA,0.587641399935622,NA,NA,NA,0.617868936042626,0.554812730385007,0.603262447141714,0.625079881135225,0.572191491372411,0.636147788522648,NA,NA,NA,0.69850501301064,NA,NA,1,0.68118853358246,NA,NA
"understandQuick",NA,NA,NA,0.478607584504786,0.518204202623195,0.46297104781762,0.472422392358401,0.460612792410341,NA,0.507944721240254,NA,NA,NA,0.56098268769144,0.492779119842049,0.555797329814781,0.551611244215311,0.529084568937459,0.585617505080371,NA,NA,NA,0.617562261213574,NA,NA,0.68118853358246,1,NA,NA
"valu",NA,NA,NA,NA,NA,NA,NA,NA,NA,NA,NA,NA,NA,NA,NA,NA,NA,NA,NA,NA,NA,NA,NA,NA,NA,NA,NA,1,NA
"visibl",NA,NA,NA,NA,NA,NA,NA,NA,NA,NA,NA,NA,NA,NA,NA,NA,NA,NA,NA,NA,NA,NA,NA,NA,NA,NA,NA,NA,1
