"","answer","clearData","clearRepresent","complex","confid","confus","crowd","deciph","distinguish","distract","effect","find","identifi","inform","lost","meanElem","meanOveral","messi","obvious","organiz","read","readabl","represent","see","simpl","understandEasi","understandQuick","valu","visibl"
"answer",1,0.714414006859751,0.738714890214104,0.656635970529662,0.711564738706432,0.701173786039393,0.47548015883051,0.712011274441543,0.556198670815697,0.522807481474693,0.709865351872567,0.670415670636702,0.744380557495822,0.748952602366097,0.700681568026992,0.668725508346199,0.648283634281441,0.565335479465087,0.685977684804836,0.620465155191605,0.741431739477589,0.715251645968437,0.727761780064156,0.569502529524918,0.707938179184352,0.738720109359825,0.70897731827614,0.546206558179626,0.538949666819413
"clearData",0.714414006859751,1,0.86145627960754,0.782142437589582,0.665102528291445,0.82196390471022,0.616775585396147,0.807008692797553,0.683671562240128,0.686314826413246,0.813161522638793,0.762385288801401,0.813760982177827,0.823075405837734,0.79711218969126,0.710237895092256,0.602277081976749,0.755897982952988,0.686832595377773,0.784105661970594,0.837440795361546,0.801387322149642,0.732182492093404,0.6476541999958,0.849262107107559,0.793038532608038,0.780582782885228,0.579825095848878,0.612439515709452
"clearRepresent",0.738714890214104,0.86145627960754,1,0.775169354486271,0.692565005177762,0.805637350929415,0.585175181540799,0.800636462468138,0.64388355993955,0.650955829279137,0.809915709030589,0.73752577819063,0.802549163719667,0.814633955056475,0.793845699040116,0.722269086408942,0.640313654181405,0.726133518938512,0.707217938589198,0.763822332880702,0.82611321342685,0.792922239167318,0.75417190479124,0.637731652968425,0.837996939033459,0.804616331385354,0.787950986352578,0.589148631857314,0.599897421227896
"complex",0.656635970529662,0.782142437589582,0.775169354486271,1,0.638563866302959,0.787501375889909,0.600909512478799,0.792359602022944,0.58536164920994,0.614687360230082,0.714289977831721,0.679634969185712,0.7305081328825,0.739294808987431,0.767750322919071,0.674405381432378,0.598786521744775,0.696300856460386,0.685821211174139,0.686729053177494,0.781086703287995,0.739862448896365,0.71933553206885,0.586983935848862,0.824301281195355,0.766126035131617,0.773198699835894,0.500754784446012,0.541838619225361
"confid",0.711564738706432,0.665102528291445,0.692565005177763,0.638563866302959,1,0.680531773545383,0.418420330285672,0.667505795558796,0.481588052002692,0.48393447050878,0.682810097236952,0.578475783322759,0.691142146598997,0.667627339886828,0.68910464727136,0.665345442463364,0.682450162057733,0.507883605301445,0.737376929065879,0.56841835929391,0.679446227672824,0.657780863984369,0.73850096150831,0.520781100392526,0.660186817354974,0.769261973057367,0.718526884017029,0.503807257809934,0.498660541178974
"confus",0.701173786039393,0.82196390471022,0.805637350929415,0.787501375889909,0.680531773545383,1,0.604552070372263,0.814124889474325,0.618894347461174,0.666378964230389,0.765339101231663,0.711879951056595,0.768694968191238,0.759766194354448,0.828521115189063,0.698437221073344,0.632645856500814,0.736583887390753,0.710399770862633,0.741538651265364,0.803877905076181,0.773622427766009,0.737589097574802,0.591368316745282,0.824365910965939,0.807618021927363,0.792151582473025,0.53216635402726,0.563033063887537
"crowd",0.47548015883051,0.616775585396147,0.585175181540799,0.600909512478799,0.418420330285672,0.604552070372263,1,0.585796593289746,0.583652584315479,0.673909384448061,0.528606900911574,0.554371551328142,0.541429315085589,0.560074445523397,0.595688749141747,0.447034383936125,0.369505641616668,0.761351546424266,0.418472376077611,0.651476086251024,0.589342502730569,0.568500862546612,0.46312640826911,0.424507528397261,0.627862705937043,0.494435467660535,0.498168962133488,0.323999495228272,0.402507158407234
"deciph",0.712011274441543,0.807008692797553,0.800636462468138,0.792359602022944,0.667505795558796,0.814124889474325,0.585796593289746,1,0.616396279181551,0.645634335069375,0.763217999468651,0.70761299297653,0.770212434184238,0.775000294632794,0.816593104093434,0.671792865028334,0.611302000978633,0.709586643118026,0.689077822321295,0.7017916679022,0.803180351897438,0.749607614429927,0.730069365583489,0.578123651838352,0.819466363906958,0.773739784078949,0.777908777658399,0.540006612241275,0.539036724087126
"distinguish",0.556198670815697,0.683671562240128,0.64388355993955,0.58536164920994,0.481588052002692,0.618894347461174,0.583652584315479,0.616396279181551,1,0.624009501009157,0.628404699888858,0.701563447936655,0.676485201707285,0.660562142561289,0.602314316236444,0.566854076494514,0.432860147351361,0.635160220596168,0.437617943731938,0.612958364226817,0.683219876192789,0.66243691592577,0.530946817344823,0.52192628771403,0.64894355052705,0.573231125480298,0.570768404213643,0.463675458284421,0.488962813698652
"distract",0.522807481474693,0.686314826413246,0.650955829279137,0.614687360230082,0.48393447050878,0.666378964230389,0.67390938444806,0.645634335069375,0.624009501009157,1,0.614674340197893,0.635478567486226,0.627384575876285,0.63554157913563,0.654012828941295,0.56125941665969,0.457367348080466,0.721111554071159,0.482214145667682,0.663279898387602,0.649620715165304,0.643738708276385,0.544984838348424,0.474116655763465,0.679249787312346,0.582835268051505,0.582196793050921,0.419222642722622,0.454119869849048
"effect",0.709865351872567,0.813161522638793,0.809915709030589,0.714289977831721,0.682810097236952,0.765339101231663,0.528606900911573,0.763217999468652,0.628404699888858,0.614674340197893,1,0.72002370782858,0.775924008796189,0.796769269693417,0.752532634145844,0.667741317117293,0.617480269467704,0.669184475066324,0.697095757520557,0.745205001780582,0.781785014116242,0.777703270190373,0.736986021300112,0.629568381231637,0.791930948053217,0.768230441126949,0.744962554432421,0.598774759654163,0.595179902859353
"find",0.670415670636702,0.762385288801401,0.737525778190629,0.679634969185712,0.578475783322759,0.711879951056595,0.554371551328142,0.70761299297653,0.701563447936655,0.635478567486226,0.72002370782858,1,0.768501717449935,0.777292197736954,0.69224170514353,0.665301880204404,0.534925252341911,0.660117888874742,0.566892619261377,0.673190517659636,0.768220443368669,0.749590589195652,0.641528408909594,0.59031025290729,0.742030854805708,0.687673857652228,0.68603499715575,0.602089909106459,0.57215629539823
"identifi",0.744380557495822,0.813760982177827,0.802549163719667,0.730508132882501,0.691142146598997,0.768694968191238,0.541429315085589,0.770212434184238,0.676485201707285,0.627384575876285,0.775924008796189,0.768501717449935,1,0.832176574318734,0.771701303142636,0.725507370604223,0.633887403458105,0.66151685917562,0.684915400249825,0.696858318994074,0.815365387600578,0.782406953007681,0.738603177784103,0.625521822188832,0.790678703384978,0.78458463548137,0.764960179744888,0.586351033402732,0.587821017479759
"inform",0.748952602366097,0.823075405837734,0.814633955056475,0.739294808987431,0.667627339886828,0.759766194354448,0.560074445523397,0.775000294632794,0.660562142561289,0.63554157913563,0.796769269693417,0.777292197736954,0.832176574318734,1,0.767340480171092,0.694395520783926,0.622571373110365,0.68785028230798,0.67704018655739,0.714615991250936,0.82873077598317,0.800216571410217,0.733163568242547,0.624546312748836,0.814211967301794,0.783204113450581,0.758631130807049,0.580803223220473,0.596769235823656
"lost",0.700681568026992,0.79711218969126,0.793845699040116,0.767750322919071,0.68910464727136,0.828521115189063,0.595688749141747,0.816593104093434,0.602314316236444,0.654012828941295,0.752532634145844,0.69224170514353,0.771701303142636,0.767340480171091,1,0.672105427214427,0.626970198794918,0.719848041789124,0.717215491064499,0.705596040622605,0.785625864677845,0.76511967244024,0.744248951279396,0.591640348603132,0.803486331556887,0.789925661658454,0.775085770772576,0.539125273372469,0.571522768030796
"meanElem",0.668725508346199,0.710237895092256,0.722269086408942,0.674405381432378,0.665345442463363,0.698437221073344,0.447034383936125,0.671792865028334,0.566854076494514,0.56125941665969,0.667741317117293,0.665301880204404,0.725507370604223,0.694395520783925,0.672105427214427,1,0.66618463003355,0.564919257108818,0.678083935544301,0.592395282204488,0.700326823114564,0.687212093818118,0.730203376146867,0.571059571343833,0.69726761868045,0.733558852261791,0.725892319562511,0.505844280497392,0.544940352074044
"meanOveral",0.648283634281441,0.602277081976749,0.640313654181405,0.598786521744775,0.682450162057733,0.632645856500814,0.369505641616668,0.611302000978634,0.432860147351361,0.457367348080466,0.617480269467704,0.534925252341911,0.633887403458105,0.622571373110365,0.626970198794918,0.66618463003355,1,0.480173248352184,0.697309803137738,0.548483483011348,0.623543523028888,0.604823950419004,0.717792776423155,0.496191197542725,0.622732531751933,0.710328861560574,0.678450283969858,0.439249331450439,0.477815405018617
"messi",0.565335479465087,0.755897982952988,0.726133518938512,0.696300856460386,0.507883605301446,0.736583887390753,0.761351546424266,0.709586643118026,0.635160220596168,0.721111554071159,0.669184475066324,0.660117888874742,0.66151685917562,0.68785028230798,0.719848041789124,0.564919257108818,0.480173248352184,1,0.529971383147303,0.78304675637737,0.713867805075689,0.691261975998224,0.593320941720622,0.532400831511071,0.749652839728274,0.633572469265978,0.654312800554162,0.436991805523398,0.505672163719972
"obvious",0.685977684804836,0.686832595377773,0.707217938589198,0.685821211174139,0.737376929065878,0.710399770862633,0.418472376077611,0.689077822321295,0.437617943731938,0.482214145667682,0.697095757520557,0.566892619261377,0.684915400249825,0.67704018655739,0.717215491064499,0.678083935544301,0.697309803137738,0.529971383147303,1,0.588704192895331,0.690746226042517,0.64964646830908,0.782552393148722,0.558520248390951,0.700793116229214,0.78568188322615,0.780335203008514,0.480133394341758,0.526414266559718
"organiz",0.620465155191605,0.784105661970594,0.763822332880702,0.686729053177494,0.56841835929391,0.741538651265364,0.651476086251024,0.7017916679022,0.612958364226817,0.663279898387602,0.745205001780582,0.673190517659636,0.696858318994074,0.714615991250936,0.705596040622605,0.592395282204488,0.548483483011348,0.78304675637737,0.588704192895331,1,0.716862766981427,0.717041828656335,0.658192070252647,0.581111839602283,0.753369470681619,0.673101366757752,0.671542586124492,0.509506598308448,0.554972314881076
"read",0.741431739477589,0.837440795361546,0.82611321342685,0.781086703287995,0.679446227672824,0.803877905076181,0.589342502730569,0.803180351897438,0.683219876192789,0.649620715165304,0.781785014116242,0.768220443368669,0.815365387600578,0.82873077598317,0.785625864677845,0.700326823114564,0.623543523028888,0.713867805075689,0.690746226042517,0.716862766981427,1,0.825805578989246,0.735875789071324,0.618442680239951,0.863521183817137,0.81264252660012,0.802221322094678,0.571136071083909,0.580276376651367
"readabl",0.715251645968437,0.801387322149642,0.792922239167318,0.739862448896365,0.657780863984369,0.773622427766009,0.568500862546612,0.749607614429927,0.66243691592577,0.643738708276385,0.777703270190373,0.749590589195652,0.782406953007681,0.800216571410217,0.76511967244024,0.687212093818118,0.604823950419004,0.691261975998224,0.64964646830908,0.717041828656335,0.825805578989246,1,0.698489287335981,0.614474710521557,0.807706559067596,0.759506021473442,0.743130428828865,0.569825134613804,0.582303517606287
"represent",0.727761780064156,0.732182492093404,0.75417190479124,0.71933553206885,0.73850096150831,0.737589097574802,0.46312640826911,0.730069365583489,0.530946817344823,0.544984838348424,0.736986021300112,0.641528408909594,0.738603177784103,0.733163568242547,0.744248951279396,0.730203376146867,0.717792776423155,0.593320941720622,0.782552393148722,0.658192070252647,0.735875789071324,0.698489287335981,1,0.584943091497785,0.740033365063432,0.82563208590206,0.782932417708741,0.533882017291062,0.571995477619602
"see",0.569502529524918,0.647654199995799,0.637731652968425,0.586983935848862,0.520781100392526,0.591368316745282,0.424507528397261,0.578123651838352,0.521926287714031,0.474116655763465,0.629568381231637,0.59031025290729,0.625521822188832,0.624546312748836,0.591640348603132,0.571059571343833,0.496191197542725,0.532400831511071,0.558520248390951,0.581111839602283,0.618442680239951,0.614474710521557,0.584943091497785,1,0.63539927603343,0.601551412370211,0.612406879737677,0.52167970812972,0.783349620521236
"simpl",0.707938179184351,0.849262107107559,0.837996939033459,0.824301281195355,0.660186817354974,0.824365910965939,0.627862705937043,0.819466363906958,0.64894355052705,0.679249787312346,0.791930948053217,0.742030854805708,0.790678703384978,0.814211967301794,0.803486331556887,0.69726761868045,0.622732531751933,0.749652839728274,0.700793116229214,0.753369470681619,0.863521183817137,0.807706559067596,0.740033365063432,0.63539927603343,1,0.810096639115396,0.81740292387885,0.551807075000459,0.589892281068562
"understandEasi",0.738720109359825,0.793038532608038,0.804616331385354,0.766126035131617,0.769261973057367,0.807618021927363,0.494435467660535,0.773739784078949,0.573231125480298,0.582835268051505,0.768230441126949,0.687673857652228,0.78458463548137,0.783204113450581,0.789925661658454,0.733558852261791,0.710328861560574,0.633572469265978,0.78568188322615,0.673101366757752,0.81264252660012,0.759506021473442,0.82563208590206,0.601551412370211,0.810096639115396,1,0.838388180097273,0.53564771417213,0.582071789380058
"understandQuick",0.70897731827614,0.780582782885228,0.787950986352578,0.773198699835894,0.718526884017029,0.792151582473025,0.498168962133488,0.777908777658399,0.570768404213643,0.582196793050921,0.744962554432421,0.68603499715575,0.764960179744888,0.758631130807049,0.775085770772576,0.725892319562511,0.678450283969858,0.654312800554162,0.780335203008514,0.671542586124492,0.802221322094678,0.743130428828865,0.782932417708741,0.612406879737677,0.81740292387885,0.838388180097273,1,0.515650454150893,0.578667209150737
"valu",0.546206558179626,0.579825095848878,0.589148631857314,0.500754784446012,0.503807257809934,0.53216635402726,0.323999495228272,0.540006612241275,0.463675458284421,0.419222642722622,0.598774759654163,0.602089909106459,0.586351033402732,0.580803223220473,0.539125273372469,0.505844280497392,0.439249331450439,0.436991805523398,0.480133394341758,0.509506598308448,0.571136071083909,0.569825134613804,0.533882017291062,0.52167970812972,0.551807075000459,0.53564771417213,0.515650454150893,1,0.522111125851698
"visibl",0.538949666819413,0.612439515709452,0.599897421227896,0.541838619225361,0.498660541178974,0.563033063887537,0.402507158407234,0.539036724087126,0.488962813698652,0.454119869849048,0.595179902859353,0.57215629539823,0.587821017479759,0.596769235823656,0.571522768030796,0.544940352074044,0.477815405018617,0.505672163719972,0.526414266559718,0.554972314881076,0.580276376651367,0.582303517606287,0.571995477619602,0.783349620521236,0.589892281068562,0.582071789380058,0.578667209150737,0.522111125851698,1
