"","answer","clearData","clearRepresent","complex","confid","confus","crowd","deciph","distinguish","distract","effect","find","identifi","inform","lost","meanElem","meanOveral","messi","obvious","organiz","read","readabl","represent","see","simpl","understandEasi","understandQuick","valu","visibl"
"answer",1,0.654620896847015,0.63783444277783,0.514326768664033,0.631372180712342,0.61009586284156,0.389692674922672,0.641781113780395,0.548785653434537,0.44644531338368,0.559086895790429,0.630635559502401,0.706045333739727,0.673285490525008,0.62906625191968,0.585032847243109,0.551379796104278,0.513057668409578,0.601360470443221,0.455967814592233,0.693309378080736,0.663247241300628,0.617339911953057,0.528415211386589,0.615155160578106,0.69446501462336,0.614763700711096,0.52830160140966,0.48922994894389
"clearData",0.654620896847015,1,0.766121310598555,0.617187767888949,0.543722576071894,0.690442062747723,0.610310849300804,0.733714143679925,0.68552666464565,0.531315126260641,0.690876880662146,0.699982129909963,0.73693558791912,0.75251684035652,0.720737578984968,0.546444750017017,0.453988531525854,0.695576129706898,0.501195435076925,0.689203311751408,0.774114687073561,0.689037904789621,0.532639964582125,0.627511308909344,0.749920964124943,0.672806432829192,0.625343677485205,0.498345255712111,0.534775331679236
"clearRepresent",0.63783444277783,0.766121310598555,1,0.592661085880941,0.556686609453904,0.626764293438401,0.552247410175446,0.707360360049255,0.662729113043389,0.547396243473891,0.683148533381329,0.654310521245851,0.699011282124809,0.742102304739194,0.701977628219036,0.569427383516359,0.493368441243071,0.644488188495251,0.483027573078101,0.65409493219411,0.716985824200499,0.688322853601005,0.551659456005732,0.549695350306253,0.714472416345511,0.673763536127562,0.626831061362981,0.496432535938104,0.510863307964215
"complex",0.514326768664033,0.617187767888949,0.592661085880941,1,0.466608948863309,0.612178683674089,0.504350583455656,0.648010173232625,0.526689533547645,0.408776290628858,0.513864339963686,0.573378810925798,0.613633516220118,0.575426357619124,0.586156684796577,0.45174030402924,0.373011114692896,0.553017050691987,0.424203107794579,0.500733044743188,0.667983287990224,0.55825579138541,0.466025938026593,0.519623718923583,0.735993987779163,0.599558475210716,0.585499556661245,0.35094302132917,0.463136148887854
"confid",0.631372180712342,0.543722576071894,0.556686609453904,0.466608948863309,1,0.516000618207009,0.311794997776875,0.5457595469271,0.436261361331369,0.403326482665,0.549492596658343,0.502551312556693,0.571534162485648,0.527498576461895,0.595316174081369,0.635630671111422,0.586889780443259,0.406549297391605,0.622198390818263,0.388608287496969,0.549349004883242,0.545027585519553,0.647053002197867,0.401031274782332,0.522414893371731,0.67877011533883,0.607590300354215,0.495354893770901,0.374167484834185
"confus",0.61009586284156,0.690442062747723,0.626764293438401,0.612178683674089,0.516000618207009,1,0.532194421117476,0.74268682931208,0.562096605607474,0.535818434982971,0.594516936460754,0.604963231759594,0.63855711912763,0.592731012498207,0.759287160514696,0.497810978082129,0.439625291355901,0.650195620555369,0.508351948307897,0.61919239572502,0.667486989033271,0.68708886492825,0.549969268894353,0.488957374470711,0.737168275390176,0.665339633007884,0.640887196029352,0.424686977631843,0.52036077174803
"crowd",0.389692674922672,0.610310849300804,0.552247410175446,0.504350583455656,0.311794997776875,0.532194421117476,1,0.53715702157686,0.552258432736758,0.475089987634061,0.502492777130298,0.497017403464777,0.485259341434334,0.516368328760765,0.542307277376861,0.308292467983933,0.186936649765501,0.740699383696772,0.260547223688899,0.558245184144998,0.535119358413832,0.508547145155483,0.331508003656178,0.420434547231886,0.577155034279179,0.450313272984106,0.43171099136686,0.31389334085751,0.394214776485046
"deciph",0.641781113780395,0.733714143679925,0.707360360049255,0.648010173232625,0.5457595469271,0.74268682931208,0.53715702157686,1,0.61809797594217,0.529334803967546,0.622296402554374,0.655191552996348,0.677813050663743,0.673418260093866,0.73431690033137,0.511976849349251,0.454174989488281,0.664600699642735,0.505106496586358,0.595391886922896,0.737473889623635,0.665907344201151,0.598218802243646,0.512989023693176,0.751410932479571,0.685683178794031,0.671900408877072,0.453277213366649,0.495424028703891
"distinguish",0.548785653434537,0.68552666464565,0.662729113043389,0.526689533547645,0.436261361331369,0.562096605607474,0.552258432736758,0.61809797594217,1,0.467638609464977,0.635105654302008,0.735560527991016,0.685082605917357,0.689268363502314,0.575720040738539,0.472208164453865,0.308058949498385,0.628651282046592,0.355445180637569,0.549032505344569,0.67725528822796,0.633960699154694,0.479954535255138,0.511319642980152,0.613366031490491,0.564978494752687,0.563192133705978,0.473485836656389,0.500091896697254
"distract",0.44644531338368,0.531315126260641,0.547396243473891,0.408776290628858,0.403326482665,0.535818434982971,0.475089987634061,0.529334803967546,0.467638609464977,1,0.464150555763964,0.489466630061021,0.502408105533169,0.518346329010912,0.55359893746706,0.428125270228141,0.33213483651965,0.541596711699207,0.37451008129364,0.448859485162681,0.551790852990127,0.507695559797977,0.407739251647876,0.345319693450788,0.546811620804886,0.491159355139556,0.475438136277483,0.285086635363716,0.352243714774434
"effect",0.559086895790429,0.690876880662146,0.683148533381329,0.513864339963686,0.549492596658343,0.594516936460754,0.502492777130298,0.622296402554374,0.635105654302008,0.464150555763964,1,0.60593069523845,0.651782122788747,0.667116808440751,0.62951888285918,0.514026631625994,0.427375360088903,0.598093140482898,0.515455322619775,0.606849966550874,0.652219283138093,0.702912473084358,0.533512051237723,0.545324652661628,0.647007596310417,0.598897048096775,0.544633290266888,0.510501580500258,0.513778336743113
"find",0.630635559502401,0.699982129909963,0.654310521245851,0.573378810925798,0.502551312556693,0.604963231759594,0.497017403464777,0.655191552996348,0.735560527991016,0.489466630061021,0.60593069523845,1,0.744836926193241,0.740739028947177,0.616494877191787,0.589189251946454,0.391076080471694,0.574291851742271,0.485245795342376,0.548495131393841,0.715168252837593,0.685367895841702,0.538916373253199,0.556542069518652,0.688252378004726,0.665875861964726,0.621146658958931,0.497044341427177,0.53094278484418
"identifi",0.706045333739727,0.73693558791912,0.699011282124809,0.613633516220118,0.571534162485648,0.63855711912763,0.485259341434334,0.677813050663743,0.685082605917357,0.502408105533169,0.651782122788747,0.744836926193241,1,0.782707760176734,0.683309933202096,0.603557410557092,0.453597625899134,0.605518162484127,0.514775311973632,0.593396932920747,0.737343387508064,0.739260393565726,0.557556528079774,0.60462516005917,0.696046391096447,0.696030514250304,0.629445623183383,0.505480031654316,0.505157536378649
"inform",0.673285490525008,0.75251684035652,0.742102304739194,0.575426357619123,0.527498576461895,0.592731012498207,0.516368328760765,0.673418260093866,0.689268363502314,0.518346329010912,0.667116808440751,0.740739028947177,0.782707760176734,1,0.666473688322905,0.564153135244607,0.40619715650079,0.595804766303534,0.503387994215627,0.584024631277522,0.727536380886809,0.730180434938182,0.528950235111289,0.616239273282518,0.73078928727857,0.665564637577381,0.609701084657354,0.480076130530066,0.536096124772962
"lost",0.62906625191968,0.720737578984968,0.701977628219036,0.586156684796577,0.595316174081369,0.759287160514696,0.542307277376861,0.73431690033137,0.575720040738539,0.55359893746706,0.62951888285918,0.616494877191787,0.683309933202096,0.666473688322905,1,0.541429114797618,0.453824836751154,0.632124265939561,0.54712138628175,0.574058470476443,0.682633412897473,0.714997402935365,0.585526910305844,0.544517209494575,0.711944329815333,0.690268380503863,0.645514739025831,0.471545049642934,0.518333419816753
"meanElem",0.585032847243109,0.546444750017017,0.569427383516359,0.45174030402924,0.635630671111422,0.497810978082129,0.308292467983933,0.511976849349251,0.472208164453865,0.428125270228141,0.514026631625994,0.589189251946454,0.603557410557092,0.564153135244607,0.541429114797618,1,0.509123045532877,0.390490973535673,0.600074257142557,0.362799748138198,0.499123207377788,0.538361777993284,0.597539897570588,0.452627405773105,0.488395045421859,0.611378580209368,0.581166228326855,0.461037802070579,0.449794622560412
"meanOveral",0.551379796104278,0.453988531525854,0.493368441243071,0.373011114692896,0.586889780443259,0.439625291355901,0.186936649765501,0.454174989488281,0.308058949498385,0.33213483651965,0.427375360088903,0.391076080471694,0.453597625899134,0.40619715650079,0.453824836751154,0.509123045532877,1,0.316880583348274,0.59713358004166,0.376728021850035,0.448352437172016,0.422404679565472,0.572267116210998,0.280297187981707,0.406737659489148,0.595818889905868,0.498507893587415,0.401167686079674,0.254395730667232
"messi",0.513057668409578,0.695576129706898,0.644488188495251,0.553017050691987,0.406549297391605,0.650195620555369,0.740699383696773,0.664600699642735,0.628651282046592,0.541596711699207,0.598093140482898,0.574291851742271,0.605518162484127,0.595804766303534,0.632124265939561,0.390490973535673,0.316880583348274,1,0.335772834789967,0.716992257162779,0.666506161329595,0.631689105495975,0.435468580890027,0.495425877854462,0.675919379794994,0.531115100716541,0.534350781055318,0.409433096817467,0.45743424385024
"obvious",0.601360470443221,0.501195435076925,0.483027573078101,0.424203107794579,0.622198390818263,0.508351948307897,0.260547223688899,0.505106496586358,0.355445180637569,0.37451008129364,0.515455322619775,0.485245795342376,0.514775311973632,0.503387994215627,0.54712138628175,0.600074257142557,0.59713358004166,0.335772834789967,1,0.401885426998599,0.487518247062112,0.490102578026128,0.640366138312905,0.401253221934926,0.486143724226708,0.610816945164416,0.620311887973296,0.438634107763789,0.381971279810513
"organiz",0.455967814592233,0.689203311751408,0.65409493219411,0.500733044743188,0.388608287496969,0.61919239572502,0.558245184144998,0.595391886922896,0.549032505344569,0.448859485162681,0.606849966550874,0.548495131393841,0.593396932920747,0.584024631277522,0.574058470476443,0.362799748138198,0.376728021850035,0.716992257162779,0.401885426998599,1,0.597869532398926,0.572429077408383,0.434841935641033,0.493904423704017,0.618077974136374,0.521206062542226,0.534034778269686,0.391419508489782,0.444479444502288
"read",0.693309378080736,0.774114687073561,0.716985824200499,0.667983287990224,0.549349004883242,0.667486989033271,0.535119358413832,0.737473889623636,0.67725528822796,0.551790852990127,0.652219283138093,0.715168252837593,0.737343387508064,0.727536380886809,0.682633412897473,0.499123207377788,0.448352437172016,0.666506161329595,0.487518247062112,0.597869532398926,1,0.70356499375809,0.546910648181714,0.568240207965081,0.766917752158115,0.70777452486343,0.639017348621561,0.456968853724546,0.531599261048611
"readabl",0.663247241300628,0.689037904789621,0.688322853601005,0.55825579138541,0.545027585519553,0.68708886492825,0.508547145155483,0.665907344201151,0.633960699154694,0.507695559797977,0.702912473084358,0.685367895841702,0.739260393565726,0.730180434938182,0.714997402935365,0.538361777993284,0.422404679565472,0.631689105495975,0.490102578026128,0.572429077408383,0.70356499375809,1,0.519331456041722,0.582233423982042,0.71991560831161,0.675364527086653,0.595554165604423,0.522981151718689,0.592994054056011
"represent",0.617339911953057,0.532639964582125,0.551659456005732,0.466025938026593,0.647053002197867,0.549969268894353,0.331508003656178,0.598218802243646,0.479954535255138,0.407739251647876,0.533512051237723,0.538916373253199,0.557556528079774,0.528950235111289,0.585526910305844,0.597539897570588,0.572267116210998,0.435468580890026,0.640366138312905,0.434841935641033,0.546910648181714,0.519331456041722,1,0.399552668667311,0.55727903870792,0.696617823846401,0.651010601635376,0.432388834036299,0.414461451562647
"see",0.528415211386589,0.627511308909344,0.549695350306253,0.519623718923583,0.401031274782332,0.488957374470711,0.420434547231886,0.512989023693176,0.511319642980152,0.345319693450788,0.545324652661628,0.556542069518652,0.60462516005917,0.616239273282518,0.544517209494575,0.452627405773105,0.280297187981707,0.495425877854462,0.401253221934926,0.493904423704017,0.568240207965081,0.582233423982042,0.399552668667311,1,0.606138449615888,0.513752829000445,0.507370783121176,0.374934402575935,0.695751525627542
"simpl",0.615155160578106,0.749920964124943,0.714472416345511,0.735993987779163,0.522414893371731,0.737168275390176,0.577155034279179,0.751410932479571,0.613366031490491,0.546811620804886,0.647007596310417,0.688252378004726,0.696046391096447,0.73078928727857,0.711944329815333,0.488395045421859,0.406737659489148,0.675919379794994,0.486143724226708,0.618077974136374,0.766917752158115,0.71991560831161,0.55727903870792,0.606138449615888,1,0.687244140905678,0.683916830255829,0.410279392761323,0.543262312731373
"understandEasi",0.69446501462336,0.672806432829192,0.673763536127562,0.599558475210716,0.67877011533883,0.665339633007884,0.450313272984106,0.685683178794031,0.564978494752687,0.491159355139556,0.598897048096775,0.665875861964726,0.696030514250304,0.665564637577381,0.690268380503863,0.611378580209368,0.595818889905868,0.531115100716541,0.610816945164416,0.521206062542226,0.70777452486343,0.675364527086653,0.6966178238464,0.513752829000445,0.687244140905678,1,0.710587584159225,0.468059368263114,0.477129546654782
"understandQuick",0.614763700711096,0.625343677485205,0.626831061362981,0.585499556661245,0.607590300354215,0.640887196029352,0.43171099136686,0.671900408877072,0.563192133705978,0.475438136277482,0.544633290266888,0.621146658958931,0.629445623183383,0.609701084657354,0.645514739025831,0.581166228326855,0.498507893587415,0.534350781055318,0.620311887973296,0.534034778269686,0.639017348621561,0.595554165604423,0.651010601635376,0.507370783121176,0.683916830255829,0.710587584159225,1,0.421787520447569,0.462760126500881
"valu",0.52830160140966,0.498345255712111,0.496432535938104,0.35094302132917,0.495354893770901,0.424686977631843,0.31389334085751,0.453277213366649,0.473485836656389,0.285086635363716,0.510501580500258,0.497044341427177,0.505480031654317,0.480076130530066,0.471545049642934,0.461037802070579,0.401167686079674,0.409433096817467,0.438634107763789,0.391419508489782,0.456968853724546,0.522981151718689,0.432388834036299,0.374934402575935,0.410279392761323,0.468059368263114,0.421787520447569,1,0.417845647598896
"visibl",0.48922994894389,0.534775331679236,0.510863307964215,0.463136148887854,0.374167484834185,0.52036077174803,0.394214776485046,0.495424028703891,0.500091896697254,0.352243714774434,0.513778336743113,0.53094278484418,0.505157536378649,0.536096124772962,0.518333419816753,0.449794622560412,0.254395730667232,0.45743424385024,0.381971279810513,0.444479444502288,0.531599261048611,0.592994054056011,0.414461451562647,0.695751525627542,0.543262312731373,0.477129546654782,0.462760126500881,0.417845647598896,1
