"","answer","clearData","clearRepresent","complex","confid","confus","crowd","deciph","distinguish","distract","effect","find","identifi","inform","lost","meanElem","meanOveral","messi","obvious","organiz","read","readabl","represent","see","simpl","understandEasi","understandQuick","valu","visibl"
"answer",1,0.511827057707763,0.544174152377444,0.450096524401674,0.66897818911686,0.502788609762497,0.34940416695853,0.581878402210302,0.383781577511902,0.354387669705171,0.554991529021955,0.532976748324119,0.597540871678142,0.529259188644248,0.474893737472144,0.486064325072101,0.552159936809193,0.420362682814683,0.438056102101443,0.523000264366284,0.559651105027422,0.58231294564139,0.628152359700759,0.408234862545026,0.575390810302034,0.545624277109624,0.56981235398829,0.49555068283645,0.320067288590846
"clearData",0.511827057707762,1,0.722716435503812,0.497064594266239,0.609067687024173,0.592918861638733,0.456688060355051,0.506339825466416,0.502442353855005,0.548198343930936,0.670003753413116,0.495026904964351,0.580534383601126,0.652109044771622,0.597345862557403,0.540541527991773,0.518588892855145,0.59401351244777,0.50878413253387,0.682492683552515,0.631288577997943,0.631750925116695,0.639132830378124,0.504195454984494,0.678142885214837,0.614045948905139,0.66270161500308,0.400140383317028,0.39712818961885
"clearRepresent",0.544174152377444,0.722716435503812,1,0.474048312197465,0.557426494366194,0.554793136163668,0.410393153882145,0.519247499298662,0.457710778595027,0.449314380450881,0.661356374928032,0.460185230213126,0.617258031323699,0.619450355547407,0.554838947231215,0.551559354481153,0.512667529684171,0.549840481117003,0.45479602654411,0.664528010359954,0.642788552293913,0.601986050802927,0.655488803142898,0.44743373141961,0.688206124196282,0.654471250956308,0.638176205218661,0.4516363994274,0.383467712735247
"complex",0.450096524401674,0.497064594266239,0.474048312197465,1,0.471073569545688,0.547288705843123,0.390294937185453,0.563994465880093,0.372133735452899,0.462646685705963,0.426936512348817,0.378524863436027,0.45077562901288,0.499458832610803,0.54122832756435,0.430225160647048,0.405924873273396,0.484662650070728,0.440820737442786,0.455560738450711,0.530669641100046,0.563201682320846,0.568541093113931,0.333628887170394,0.610190844175785,0.509982357385196,0.526144573566153,0.317352134762229,0.184000699069981
"confid",0.66897818911686,0.609067687024173,0.557426494366194,0.471073569545688,1,0.501866995187254,0.302765835326874,0.523887883730103,0.397050657612175,0.419654128432748,0.54418700955282,0.490231594683351,0.615747567021848,0.515146617849521,0.469328529580319,0.547707097240481,0.622831330271375,0.39689563698249,0.573257446284456,0.484989282842769,0.622107596543633,0.551009723748668,0.675263211106287,0.395341699362918,0.62305795643449,0.624320592137583,0.655159109331039,0.511283783165316,0.301809856508873
"confus",0.502788609762497,0.592918861638733,0.554793136163668,0.547288705843123,0.501866995187254,1,0.484035811542861,0.624150592212444,0.45595536823738,0.574939646044836,0.571288042918085,0.419843741063817,0.495113849357151,0.526448360212639,0.593720045767112,0.502708607762996,0.506832354552602,0.589611649503989,0.512185859101575,0.600258292020784,0.658248793324327,0.552043590684577,0.598762127796833,0.305205849153701,0.672502577681375,0.645341320229916,0.574465794612346,0.348742851292373,0.24175067794383
"crowd",0.34940416695853,0.456688060355051,0.410393153882145,0.390294937185453,0.302765835326874,0.48403581154286,1,0.419606454854837,0.418892521475433,0.602890115787158,0.440007473395522,0.39797638205139,0.392151218150975,0.403132987740304,0.473311607057785,0.308992564533444,0.326333864621469,0.698943985627879,0.269025954124779,0.507660048021667,0.432843720498055,0.354524255182813,0.381929479027712,0.305842096008914,0.478960241119019,0.434984506131184,0.429518129878768,0.226933844865773,0.283623754976252
"deciph",0.581878402210302,0.506339825466416,0.519247499298662,0.563994465880093,0.523887883730103,0.624150592212444,0.419606454854837,1,0.430074431347344,0.492008474758323,0.518735176207313,0.432456061808055,0.532687609573564,0.518407006953891,0.526170699333029,0.467185594444628,0.495703898115489,0.516660599041214,0.423716765785301,0.461992893312665,0.655074149291115,0.558782260487618,0.622494471764316,0.433833396663619,0.643161922516395,0.577473258464186,0.596314716516362,0.374469498214376,0.288165286627462
"distinguish",0.383781577511902,0.502442353855005,0.457710778595027,0.372133735452899,0.397050657612175,0.45595536823738,0.418892521475433,0.430074431347344,1,0.45930243668829,0.439557129423439,0.406872804831877,0.521339847419169,0.487828188032966,0.418029622468091,0.449365610131417,0.354988238547519,0.434037066354504,0.286430669622999,0.507403451712812,0.448975336557755,0.376468876264608,0.461311570651972,0.401757970579608,0.46691985030759,0.462847344942953,0.384528036103076,0.356124601630729,0.366735975393318
"distract",0.354387669705171,0.548198343930936,0.449314380450881,0.462646685705963,0.419654128432749,0.574939646044836,0.602890115787158,0.492008474758323,0.45930243668829,1,0.485891936430761,0.382478759104597,0.455780378963507,0.440221710312535,0.492200745923557,0.374991271382702,0.339838456299942,0.585897574177328,0.379199799093697,0.50680936317872,0.472614615988638,0.397603536321525,0.435948903957084,0.364265220714856,0.579381658911706,0.487406385338762,0.52168141792634,0.240558289606646,0.340570319661801
"effect",0.554991529021955,0.670003753413116,0.661356374928032,0.426936512348817,0.54418700955282,0.571288042918085,0.440007473395522,0.518735176207313,0.439557129423439,0.485891936430761,1,0.52992906180266,0.570155062564538,0.589643656019507,0.551212938352191,0.458572892106723,0.478491573911379,0.55077773899635,0.43662572525004,0.652872318077785,0.635915251301576,0.574994377436498,0.618225215471588,0.480856709603279,0.658889986119109,0.584327099757597,0.57356808007087,0.426294255770595,0.432213534163054
"find",0.532976748324119,0.495026904964351,0.460185230213126,0.378524863436027,0.490231594683351,0.419843741063817,0.397976382051389,0.432456061808055,0.406872804831877,0.382478759104597,0.52992906180266,1,0.553070416116508,0.628180963991999,0.491436468987085,0.36154712077333,0.509209768693486,0.465964204453071,0.349584251507611,0.482231585543705,0.524827682498623,0.458742074467936,0.483606087135414,0.476192616328481,0.484692916390543,0.466370689211111,0.494445994143656,0.604711477402519,0.432753047110871
"identifi",0.597540871678142,0.580534383601126,0.617258031323699,0.45077562901288,0.615747567021848,0.495113849357151,0.392151218150975,0.532687609573564,0.521339847419169,0.455780378963507,0.570155062564538,0.553070416116508,1,0.615358512823122,0.599082022967314,0.577605367459608,0.558416292550701,0.459364027424061,0.46723050977325,0.569666392255449,0.58885149161525,0.568192097797841,0.585599230919012,0.412356209511238,0.6276322608034,0.626416995979903,0.556212155831823,0.454641849021089,0.329249532169277
"inform",0.529259188644248,0.652109044771622,0.619450355547407,0.499458832610803,0.515146617849521,0.526448360212639,0.403132987740304,0.518407006953891,0.487828188032966,0.440221710312535,0.589643656019507,0.628180963991999,0.615358512823122,1,0.569902100492911,0.508575814478791,0.509882036074103,0.498234473140988,0.445342189950153,0.561414056658052,0.641731697266702,0.613860529581152,0.579198236465806,0.424837859115894,0.623775150566312,0.627263591036741,0.5957810298195,0.49637641323148,0.41377129004348
"lost",0.474893737472144,0.597345862557403,0.554838947231215,0.54122832756435,0.469328529580319,0.593720045767112,0.473311607057785,0.526170699333029,0.41802962246809,0.492200745923557,0.551212938352191,0.491436468987085,0.599082022967314,0.569902100492911,1,0.457212329482169,0.479138199504182,0.575420077881758,0.480429074900027,0.5504122838317,0.53436577114407,0.579480710467386,0.544796131715511,0.353386341884944,0.628538863073787,0.603330687851144,0.536363545417382,0.361582317851535,0.316346842496735
"meanElem",0.486064325072101,0.540541527991773,0.551559354481153,0.430225160647048,0.547707097240481,0.502708607762996,0.308992564533444,0.467185594444628,0.449365610131417,0.374991271382702,0.458572892106723,0.36154712077333,0.577605367459608,0.508575814478791,0.457212329482169,1,0.558906260332663,0.387123660481853,0.468958931955489,0.513110214283654,0.587473788441275,0.549312010704638,0.565047218788052,0.317084726977835,0.57832179515585,0.599787446166653,0.581842373263119,0.305554501126277,0.254514849246194
"meanOveral",0.552159936809193,0.518588892855145,0.512667529684171,0.405924873273396,0.622831330271375,0.506832354552602,0.326333864621469,0.495703898115489,0.354988238547519,0.339838456299942,0.478491573911379,0.509209768693486,0.558416292550701,0.509882036074103,0.479138199504182,0.558906260332663,1,0.44273493735127,0.525221520558765,0.49143548070014,0.619207230719667,0.555957712511091,0.621878443379107,0.326371208049364,0.586328485478925,0.595666689153468,0.60503925654741,0.435741309443322,0.270498341292077
"messi",0.420362682814683,0.59401351244777,0.549840481117003,0.484662650070728,0.39689563698249,0.589611649503989,0.698943985627879,0.516660599041214,0.434037066354504,0.585897574177328,0.55077773899635,0.465964204453071,0.459364027424061,0.498234473140988,0.575420077881758,0.387123660481853,0.44273493735127,1,0.403036864945233,0.685834905861929,0.566366323542717,0.498654769804103,0.508205167247577,0.397704097036001,0.614256588570723,0.538749969832945,0.555690641272268,0.305738230912585,0.360943414360356
"obvious",0.438056102101443,0.50878413253387,0.45479602654411,0.440820737442786,0.573257446284456,0.512185859101575,0.269025954124779,0.423716765785301,0.286430669622999,0.379199799093697,0.43662572525004,0.349584251507611,0.46723050977325,0.445342189950153,0.480429074900027,0.468958931955489,0.525221520558765,0.403036864945233,1,0.382865009527233,0.591657207756055,0.481927350336471,0.552323274127268,0.205033129683605,0.564048183712103,0.546930145606274,0.600777127235821,0.3630927790106,0.158015228385597
"organiz",0.523000264366284,0.682492683552515,0.664528010359954,0.455560738450711,0.484989282842769,0.600258292020784,0.507660048021667,0.461992893312665,0.507403451712812,0.50680936317872,0.652872318077785,0.482231585543705,0.569666392255449,0.561414056658052,0.5504122838317,0.513110214283654,0.49143548070014,0.685834905861929,0.382865009527233,1,0.604685319228627,0.575445044609427,0.597196307649932,0.42868535143977,0.646094984452333,0.606249056205761,0.606868090971352,0.398714960060583,0.425507037190818
"read",0.559651105027422,0.631288577997943,0.642788552293913,0.530669641100046,0.622107596543633,0.658248793324327,0.432843720498055,0.655074149291115,0.448975336557755,0.472614615988638,0.635915251301576,0.524827682498623,0.58885149161525,0.641731697266702,0.53436577114407,0.587473788441275,0.619207230719667,0.566366323542717,0.591657207756055,0.604685319228627,1,0.658951806271297,0.67936680486143,0.389378252035795,0.769892790938889,0.728613337201414,0.712308834405927,0.432234846308714,0.317738005955454
"readabl",0.58231294564139,0.631750925116695,0.601986050802927,0.563201682320846,0.551009723748668,0.552043590684577,0.354524255182813,0.558782260487618,0.376468876264608,0.397603536321525,0.574994377436498,0.458742074467936,0.568192097797841,0.613860529581152,0.579480710467386,0.549312010704638,0.555957712511091,0.498654769804103,0.481927350336471,0.575445044609427,0.658951806271297,1,0.588653051110138,0.42507524553014,0.695207948090726,0.579524684537361,0.632938407450198,0.418103108520519,0.372719116504126
"represent",0.628152359700759,0.639132830378124,0.655488803142898,0.568541093113931,0.675263211106287,0.598762127796833,0.381929479027712,0.622494471764316,0.461311570651972,0.435948903957084,0.618225215471588,0.483606087135414,0.585599230919012,0.579198236465806,0.544796131715511,0.565047218788052,0.621878443379107,0.508205167247577,0.552323274127268,0.597196307649932,0.67936680486143,0.588653051110138,1,0.439967437671659,0.659269023413551,0.758363346746283,0.660065343836599,0.429196655157523,0.34754056568743
"see",0.408234862545026,0.504195454984494,0.44743373141961,0.333628887170394,0.395341699362918,0.305205849153701,0.305842096008914,0.433833396663619,0.401757970579608,0.364265220714856,0.480856709603279,0.476192616328481,0.412356209511238,0.424837859115894,0.353386341884944,0.317084726977835,0.326371208049364,0.397704097036001,0.205033129683605,0.42868535143977,0.389378252035795,0.42507524553014,0.439967437671659,1,0.410723921171721,0.32967380994826,0.462097889235101,0.508213984245875,0.72350657386691
"simpl",0.575390810302034,0.678142885214837,0.688206124196282,0.610190844175785,0.62305795643449,0.672502577681375,0.478960241119019,0.643161922516395,0.46691985030759,0.579381658911706,0.658889986119109,0.484692916390543,0.6276322608034,0.623775150566312,0.628538863073787,0.57832179515585,0.586328485478925,0.614256588570723,0.564048183712103,0.646094984452333,0.769892790938889,0.695207948090726,0.659269023413551,0.410723921171721,1,0.737295236242864,0.6908662572039,0.420843991352678,0.325700689986768
"understandEasi",0.545624277109624,0.614045948905139,0.654471250956308,0.509982357385196,0.624320592137583,0.645341320229916,0.434984506131184,0.577473258464186,0.462847344942953,0.487406385338762,0.584327099757597,0.466370689211111,0.626416995979903,0.627263591036741,0.603330687851144,0.599787446166653,0.595666689153468,0.538749969832945,0.546930145606274,0.606249056205761,0.728613337201414,0.579524684537361,0.758363346746283,0.32967380994826,0.737295236242864,1,0.668163795839665,0.36280483166904,0.302763305944072
"understandQuick",0.56981235398829,0.66270161500308,0.638176205218661,0.526144573566153,0.655159109331039,0.574465794612346,0.429518129878768,0.596314716516362,0.384528036103076,0.52168141792634,0.57356808007087,0.494445994143656,0.556212155831823,0.5957810298195,0.536363545417382,0.581842373263119,0.60503925654741,0.555690641272268,0.600777127235821,0.606868090971352,0.712308834405927,0.632938407450198,0.660065343836599,0.462097889235101,0.6908662572039,0.668163795839665,1,0.419944929880063,0.36095304284023
"valu",0.49555068283645,0.400140383317028,0.4516363994274,0.317352134762229,0.511283783165316,0.348742851292373,0.226933844865773,0.374469498214376,0.356124601630729,0.240558289606646,0.426294255770595,0.604711477402519,0.454641849021089,0.49637641323148,0.361582317851535,0.305554501126278,0.435741309443322,0.305738230912585,0.3630927790106,0.398714960060583,0.432234846308714,0.418103108520519,0.429196655157523,0.508213984245875,0.420843991352678,0.36280483166904,0.419944929880063,1,0.496208491814119
"visibl",0.320067288590846,0.39712818961885,0.383467712735247,0.184000699069981,0.301809856508873,0.24175067794383,0.283623754976252,0.288165286627462,0.366735975393318,0.340570319661801,0.432213534163054,0.432753047110871,0.329249532169277,0.41377129004348,0.316346842496735,0.254514849246194,0.270498341292077,0.360943414360356,0.158015228385597,0.425507037190818,0.317738005955454,0.372719116504126,0.34754056568743,0.72350657386691,0.325700689986768,0.302763305944072,0.36095304284023,0.496208491814119,1
