"","answer","clearData","clearRepresent","complex","confid","confus","crowd","deciph","distinguish","distract","effect","find","identifi","inform","lost","meanElem","meanOveral","messi","obvious","organiz","read","readabl","represent","see","simpl","understandEasi","understandQuick","valu","visibl"
"answer",1,0.615780149247075,0.693742728069893,0.498476634124794,0.657399257600853,0.649091307599092,0.442782105178517,0.605140625113862,0.443985935735315,0.327601482099286,0.675402096481133,0.611301961663641,0.650185327004363,0.700336593289108,0.635241933366386,0.56501490644955,0.591654986982253,0.427052755090688,0.613074184342776,0.52990955753248,0.633278467422244,0.659195084459597,0.684855190592136,0.365309100214691,0.572411794665671,0.665286296331152,0.59279283102977,0.496807314664463,0.321415239754128
"clearData",0.615780149247075,1,0.790640312838633,0.676054026944398,0.596559025700075,0.73703650303636,0.42112884932043,0.699779393828669,0.449163634484405,0.411162396175397,0.718952648872326,0.609877466238205,0.711146618955908,0.714040072662297,0.729945018827606,0.624407431019504,0.531694385417195,0.570605174926502,0.672345369869902,0.66461851542451,0.704591378536295,0.694258408634122,0.695847823362232,0.51124156543049,0.735241738399763,0.740333539304831,0.700883259620845,0.515732140361465,0.476452892441595
"clearRepresent",0.693742728069893,0.790640312838633,1,0.687874750276926,0.684225784149097,0.796599500060144,0.477872609884062,0.73920969492846,0.45921517613407,0.3816057214875,0.789606640277008,0.605262415748692,0.712029727011211,0.739884469664766,0.761524526827729,0.637387557340772,0.603851055042635,0.587049115392533,0.743676912272307,0.673536849756529,0.735787261210639,0.694764500762725,0.769487577451793,0.515512997271463,0.759184485168407,0.819152227272857,0.700076509117037,0.551092830243659,0.478794702274694
"complex",0.498476634124794,0.676054026944398,0.687874750276926,1,0.552074496249722,0.703661316201878,0.442371942100467,0.748338464686427,0.376983648113511,0.343351707799916,0.636541589212578,0.529890781485138,0.618734920241951,0.655771182166126,0.695281095282364,0.566295195308243,0.50843756194751,0.532506010661387,0.64378178517433,0.542095056603592,0.644563156378226,0.656275118727686,0.661631498858367,0.469732757380273,0.742871673388999,0.710645336186061,0.67807842884542,0.43531023969021,0.397652591037897
"confid",0.657399257600853,0.596559025700075,0.684225784149097,0.552074496249722,1,0.650231404915485,0.343373712704602,0.643791244332187,0.373980007115172,0.323540598711457,0.661230702118231,0.521724912485438,0.655848483928526,0.647797952941526,0.644727138033169,0.564649517875889,0.592608338843584,0.361428541345674,0.628526856785684,0.485008182277093,0.596315332646302,0.615668797787346,0.67668379888491,0.348336065809233,0.553080124139507,0.708702172992986,0.591630499056968,0.504556562995628,0.364517865959913
"confus",0.649091307599092,0.73703650303636,0.796599500060144,0.703661316201878,0.650231404915485,1,0.439135660390893,0.766436681027324,0.419241173326863,0.399013548955002,0.750883536319673,0.592318415262849,0.723016948145618,0.713471109817679,0.805618105188555,0.650890065926793,0.603268439422148,0.597221736526321,0.743583608792132,0.661307259858576,0.69389702681734,0.704987908105425,0.740676037463277,0.494963874854154,0.728322752027303,0.835129493979573,0.729734331054771,0.523429557004584,0.409449498720892
"crowd",0.442782105178517,0.42112884932043,0.477872609884062,0.442371942100467,0.343373712704602,0.439135660390893,1,0.416542837936074,0.311005665877688,0.46017840370305,0.412727860925089,0.383226625889497,0.324169175757866,0.411481156973881,0.399125885115835,0.317541195171921,0.269030842962078,0.530872319171901,0.382584412908014,0.546835400816121,0.429099310318377,0.46533525814664,0.411429465774147,0.307762619431337,0.461459524186045,0.400085426079237,0.305744098798983,0.349342171497351,0.259270810533198
"deciph",0.605140625113862,0.699779393828669,0.739209694928459,0.748338464686427,0.643791244332187,0.766436681027324,0.416542837936074,1,0.332647714225046,0.38610527229282,0.691513677057449,0.528203919290979,0.674947598014261,0.686008121821197,0.786492704921467,0.579375382402585,0.565654364044027,0.530367497651312,0.734282818920643,0.534093633318631,0.663534882021894,0.661107056442429,0.716741819599386,0.395039930153317,0.761445776443196,0.771534867659993,0.717664526812289,0.435683895554612,0.36328598420137
"distinguish",0.443985935735315,0.449163634484405,0.45921517613407,0.376983648113511,0.373980007115172,0.419241173326863,0.311005665877688,0.332647714225046,1,0.316318232856081,0.45144699637854,0.474894512680889,0.45915703421017,0.419672467257639,0.362631028738926,0.452473624093442,0.373226621521741,0.397984996673073,0.360510012575011,0.385192473482941,0.485716367288595,0.453633424562585,0.398534265887967,0.304829835892165,0.442243885233637,0.430518134883774,0.406041790428411,0.35135484945843,0.283811047965636
"distract",0.327601482099286,0.411162396175397,0.3816057214875,0.343351707799916,0.323540598711457,0.399013548955002,0.46017840370305,0.38610527229282,0.316318232856081,1,0.365475481515019,0.374708906243556,0.395549140858965,0.426716572219585,0.429290035320922,0.350497326479893,0.296242276383311,0.509231392207632,0.337166684823888,0.526430769006329,0.375229701520255,0.405452818969732,0.417945220425727,0.267774263194438,0.379502733799335,0.373007674600051,0.301753886380181,0.255211789730363,0.206200004886314
"effect",0.675402096481133,0.718952648872326,0.789606640277008,0.636541589212578,0.661230702118232,0.750883536319673,0.412727860925089,0.691513677057449,0.45144699637854,0.365475481515019,1,0.622112567898735,0.725152108745867,0.768341150733633,0.700059232002384,0.602756774751368,0.603861582124743,0.508647505589827,0.705827944074042,0.665262955527258,0.676068521448199,0.714395254424291,0.751357048381244,0.484768608010589,0.716969429416889,0.769487383779261,0.679041193971899,0.552453485741169,0.459056479991684
"find",0.611301961663641,0.609877466238205,0.605262415748692,0.529890781485138,0.521724912485438,0.592318415262849,0.383226625889497,0.528203919290979,0.474894512680889,0.374708906243556,0.622112567898735,1,0.661277207897139,0.623326198377689,0.587766089533208,0.551618284523338,0.505966866553108,0.513927536594159,0.540466796035387,0.58629043308434,0.596529423055865,0.630154224713649,0.617798649892811,0.433687039413879,0.551913403638539,0.565866967056976,0.522142715258141,0.516065709451888,0.416515234685951
"identifi",0.650185327004363,0.711146618955908,0.712029727011211,0.618734920241951,0.655848483928526,0.723016948145618,0.324169175757866,0.674947598014261,0.45915703421017,0.395549140858965,0.725152108745867,0.661277207897139,1,0.772170023925549,0.709170273484101,0.616121222165551,0.599740658216082,0.456310686369829,0.682664595153849,0.555019913835836,0.659702626400159,0.684691789862636,0.716049333681924,0.462799213581034,0.665280647318882,0.733476436540263,0.679610626961827,0.523140182736176,0.450334183422382
"inform",0.700336593289108,0.714040072662297,0.739884469664766,0.655771182166126,0.647797952941526,0.713471109817679,0.411481156973881,0.686008121821197,0.419672467257639,0.426716572219585,0.768341150733633,0.623326198377689,0.772170023925548,1,0.739583077615717,0.609353104508116,0.631921975939873,0.528804432769418,0.706305305458922,0.617408183900364,0.711792740054038,0.71771565427677,0.789333187692235,0.417008352816184,0.715150468261047,0.757348363600485,0.664007824782463,0.494774537835689,0.409269284211148
"lost",0.635241933366386,0.729945018827606,0.761524526827729,0.695281095282364,0.644727138033169,0.805618105188555,0.399125885115835,0.786492704921467,0.362631028738926,0.429290035320922,0.700059232002384,0.587766089533208,0.709170273484101,0.739583077615717,1,0.58008310846509,0.587427776112086,0.542848686670804,0.738608275848632,0.599230305063067,0.710832306279805,0.697538308851628,0.757604496938062,0.429226718452003,0.737017218744773,0.780148447233847,0.704251551042459,0.522374469326486,0.382717061524528
"meanElem",0.565014906449549,0.624407431019504,0.637387557340772,0.566295195308243,0.564649517875889,0.650890065926793,0.317541195171921,0.579375382402585,0.452473624093442,0.350497326479893,0.602756774751368,0.551618284523338,0.616121222165551,0.609353104508116,0.58008310846509,1,0.612057938965622,0.471209394068331,0.6241509236017,0.498899586947311,0.578589793442531,0.633061066964808,0.636121915300181,0.491498070183066,0.597177946938643,0.637421897400988,0.643360329389286,0.431618101859595,0.430062703958869
"meanOveral",0.591654986982253,0.531694385417195,0.603851055042635,0.50843756194751,0.592608338843584,0.603268439422148,0.269030842962078,0.565654364044027,0.373226621521741,0.296242276383311,0.603861582124743,0.505966866553108,0.599740658216082,0.631921975939873,0.587427776112086,0.612057938965622,1,0.388670405804612,0.594885415941548,0.499858194016029,0.563464315764359,0.604019817352425,0.684483257260099,0.442240922971442,0.56334408722016,0.615574549288649,0.558072501414288,0.497380348983573,0.402315344740832
"messi",0.427052755090688,0.570605174926502,0.587049115392533,0.532506010661387,0.361428541345674,0.597221736526321,0.530872319171901,0.530367497651312,0.397984996673073,0.509231392207632,0.508647505589827,0.513927536594159,0.456310686369829,0.528804432769418,0.542848686670804,0.471209394068331,0.388670405804611,1,0.456722630705309,0.706677265723675,0.519464344257755,0.521914553667705,0.497681780698126,0.443063533624654,0.566783710074226,0.521237512636223,0.474940512823792,0.328879946192511,0.363739780589694
"obvious",0.613074184342776,0.672345369869902,0.743676912272307,0.64378178517433,0.628526856785684,0.743583608792132,0.382584412908014,0.734282818920643,0.360510012575011,0.337166684823888,0.705827944074042,0.540466796035387,0.682664595153849,0.706305305458922,0.738608275848632,0.6241509236017,0.594885415941548,0.456722630705309,1,0.502298166060439,0.684126131379375,0.661380029158039,0.734450740811937,0.480807440401699,0.704700080022607,0.80181624352921,0.747530076437141,0.508836644157032,0.439542650148724
"organiz",0.52990955753248,0.66461851542451,0.673536849756529,0.542095056603592,0.485008182277093,0.661307259858576,0.546835400816121,0.534093633318631,0.385192473482941,0.526430769006329,0.665262955527258,0.58629043308434,0.555019913835836,0.617408183900364,0.599230305063067,0.498899586947311,0.499858194016029,0.706677265723675,0.502298166060439,1,0.54460272035991,0.585496072321855,0.630522899089961,0.457525020799726,0.581549520779915,0.588546456714615,0.503810446173619,0.433427808630843,0.385813492623689
"read",0.633278467422244,0.704591378536295,0.735787261210639,0.644563156378226,0.596315332646302,0.69389702681734,0.429099310318377,0.663534882021894,0.485716367288595,0.375229701520255,0.676068521448199,0.596529423055865,0.659702626400159,0.711792740054038,0.710832306279805,0.578589793442531,0.563464315764359,0.519464344257754,0.684126131379375,0.54460272035991,1,0.725676165431893,0.702611375511781,0.421162954663502,0.749409685086991,0.744106758164044,0.698551048195812,0.493457354465849,0.398390906271054
"readabl",0.659195084459597,0.694258408634122,0.694764500762725,0.656275118727686,0.615668797787346,0.704987908105425,0.46533525814664,0.661107056442429,0.453633424562585,0.405452818969732,0.714395254424291,0.630154224713649,0.684691789862636,0.71771565427677,0.697538308851629,0.633061066964808,0.604019817352425,0.521914553667705,0.661380029158039,0.585496072321855,0.725676165431893,1,0.709585521712061,0.463798917442166,0.662701800164306,0.714121157753006,0.667142467782881,0.484990286186705,0.423213775815402
"represent",0.684855190592136,0.695847823362232,0.769487577451793,0.661631498858367,0.67668379888491,0.740676037463277,0.411429465774147,0.716741819599386,0.398534265887967,0.417945220425727,0.751357048381244,0.617798649892811,0.716049333681924,0.789333187692235,0.757604496938062,0.636121915300181,0.684483257260099,0.497681780698126,0.734450740811937,0.630522899089961,0.702611375511781,0.709585521712061,1,0.454117532478872,0.687840394840569,0.798870737917047,0.714725829034823,0.527195296898007,0.414528352707327
"see",0.365309100214691,0.51124156543049,0.515512997271463,0.469732757380273,0.348336065809233,0.494963874854154,0.307762619431337,0.395039930153317,0.304829835892165,0.267774263194438,0.484768608010589,0.433687039413879,0.462799213581034,0.417008352816184,0.429226718452003,0.491498070183066,0.442240922971442,0.443063533624654,0.480807440401699,0.457525020799726,0.421162954663502,0.463798917442166,0.454117532478872,1,0.500088796321505,0.486337384985353,0.491778692323002,0.520972139762631,0.680109690659086
"simpl",0.572411794665671,0.735241738399763,0.759184485168407,0.742871673388999,0.553080124139507,0.728322752027303,0.461459524186045,0.761445776443196,0.442243885233637,0.379502733799335,0.716969429416889,0.551913403638539,0.665280647318882,0.715150468261047,0.737017218744773,0.597177946938643,0.56334408722016,0.566783710074226,0.704700080022607,0.581549520779915,0.749409685086991,0.662701800164306,0.687840394840569,0.500088796321505,1,0.769191523157126,0.705059612358637,0.474593299738498,0.42731892440514
"understandEasi",0.665286296331152,0.740333539304831,0.819152227272857,0.710645336186061,0.708702172992986,0.835129493979573,0.400085426079237,0.771534867659993,0.430518134883774,0.373007674600051,0.769487383779261,0.565866967056976,0.733476436540263,0.757348363600485,0.780148447233847,0.637421897400988,0.615574549288649,0.521237512636223,0.80181624352921,0.588546456714615,0.744106758164044,0.714121157753006,0.798870737917047,0.486337384985353,0.769191523157126,1,0.793458643289934,0.55735575525324,0.430542176295085
"understandQuick",0.59279283102977,0.700883259620845,0.700076509117037,0.67807842884542,0.591630499056968,0.729734331054771,0.305744098798983,0.717664526812288,0.406041790428411,0.301753886380181,0.679041193971899,0.522142715258141,0.679610626961827,0.664007824782463,0.704251551042459,0.643360329389286,0.558072501414288,0.474940512823792,0.747530076437141,0.503810446173619,0.698551048195812,0.667142467782881,0.714725829034823,0.491778692323002,0.705059612358637,0.793458643289934,1,0.444937926152527,0.398059595820958
"valu",0.496807314664463,0.515732140361465,0.551092830243659,0.43531023969021,0.504556562995628,0.523429557004584,0.349342171497351,0.435683895554612,0.35135484945843,0.255211789730363,0.552453485741169,0.516065709451888,0.523140182736176,0.494774537835689,0.522374469326486,0.431618101859595,0.497380348983573,0.328879946192511,0.508836644157032,0.433427808630843,0.493457354465849,0.484990286186705,0.527195296898007,0.520972139762631,0.474593299738498,0.55735575525324,0.444937926152527,1,0.436814578085379
"visibl",0.321415239754128,0.476452892441595,0.478794702274694,0.397652591037897,0.364517865959913,0.409449498720892,0.259270810533198,0.36328598420137,0.283811047965636,0.206200004886314,0.459056479991684,0.416515234685951,0.450334183422382,0.409269284211148,0.382717061524528,0.430062703958869,0.402315344740832,0.363739780589694,0.439542650148724,0.385813492623689,0.398390906271054,0.423213775815402,0.414528352707327,0.680109690659086,0.42731892440514,0.430542176295085,0.398059595820958,0.436814578085379,1
