"","understand1","understand2","understand3","understand4","understand5","understand6","understand7","layout1","layout2","layout3","layout4","dataRead1","dataRead2","dataRead3","dataRead4","dataRead5","dataFeat1","dataFeat2"
"understand1",1,0.697340355364529,0.736758765168277,0.783184633865346,0.786108681980644,0.780587608490597,0.678260939021956,0.417876475230825,0.530680445354247,0.481731338164023,0.588019435673858,0.567215773881228,0.684943628814796,0.477164582337925,0.677203711284836,0.649544830012093,0.526904501888596,0.55988851270624
"understand2",0.697340355364529,1,0.682589697334138,0.71810840306596,0.711423355193183,0.678249316378629,0.666932134092438,0.368441679227869,0.481029633104551,0.455383709802094,0.548226819206387,0.535162503771194,0.634663150279556,0.435811560273964,0.623080944974968,0.604775285991294,0.477361898256529,0.497838282294969
"understand3",0.736758765168277,0.682589697334138,1,0.738729046743422,0.769255685186141,0.718144628339849,0.664950030163033,0.417844839629058,0.508613398534241,0.48199029144272,0.567632086122084,0.579256044736034,0.691779109931706,0.501516579002519,0.667618027669231,0.657595287102029,0.49816803587827,0.521120542440093
"understand4",0.783184633865346,0.71810840306596,0.738729046743422,1,0.825675466313997,0.783174462635736,0.730519314346242,0.462833768731186,0.594163855800524,0.544028751536112,0.65807191605702,0.641806255960091,0.738330353867581,0.532031723787759,0.733157495654828,0.698439227308695,0.571535577343857,0.586442975368799
"understand5",0.786108681980644,0.711423355193183,0.769255685186141,0.825675466313997,1,0.839539203812877,0.733755913023955,0.494138449518222,0.633166727039684,0.580446449077597,0.671185705657909,0.686761216494413,0.783279687019881,0.531711543721068,0.781992317370387,0.759745170431314,0.581231663959497,0.60258607917443
"understand6",0.780587608490597,0.678249316378629,0.718144628339849,0.783174462635736,0.839539203812877,1,0.725958868172362,0.49621671234079,0.653355783863808,0.579347383126605,0.669404809486062,0.685491519312907,0.764196867148116,0.512808855351221,0.758997651076287,0.742307337359948,0.578996176742107,0.613662899049107
"understand7",0.678260939021956,0.666932134092438,0.664950030163033,0.730519314346242,0.733755913023956,0.725958868172362,1,0.446955417102972,0.565761974961115,0.562931975175615,0.592036851455892,0.666316692906335,0.726546385964006,0.505744973100753,0.695183754299307,0.688120250592205,0.545306006540984,0.573018607125055
"layout1",0.417876475230825,0.368441679227869,0.417844839629058,0.462833768731186,0.494138449518222,0.49621671234079,0.446955417102972,1,0.761628660802926,0.67437777155012,0.651854376160933,0.554566606496791,0.541235948714034,0.323848377668666,0.560018895634044,0.567930859976524,0.401677601493581,0.426021518578228
"layout2",0.530680445354247,0.481029633104551,0.508613398534241,0.594163855800524,0.633166727039683,0.653355783863808,0.565761974961115,0.761628660802926,1,0.721707915754877,0.783710060245345,0.660621283289076,0.662309772099238,0.437395666605656,0.688342879578111,0.691320484758146,0.505912713415819,0.533413269037081
"layout3",0.481731338164023,0.455383709802094,0.48199029144272,0.544028751536112,0.580446449077597,0.579347383126605,0.562931975175615,0.67437777155012,0.721707915754877,1,0.6619216057187,0.634872391554933,0.624994523914167,0.415436715207217,0.634791581766108,0.642125182144022,0.451959563125373,0.472878906156647
"layout4",0.588019435673858,0.548226819206387,0.567632086122084,0.65807191605702,0.671185705657909,0.669404809486062,0.592036851455892,0.651854376160933,0.783710060245345,0.6619216057187,1,0.6729966766863,0.696383682399288,0.507883276669582,0.714442759406251,0.71744258801219,0.553464507753087,0.580537419640279
"dataRead1",0.567215773881228,0.535162503771194,0.579256044736034,0.641806255960091,0.686761216494413,0.685491519312907,0.666316692906335,0.554566606496791,0.660621283289076,0.634872391554933,0.6729966766863,1,0.768469092125385,0.601248121976672,0.777410384171532,0.749748101802284,0.571883915932191,0.590268948327504
"dataRead2",0.684943628814796,0.634663150279555,0.691779109931706,0.73833035386758,0.783279687019881,0.764196867148116,0.726546385964006,0.541235948714034,0.662309772099238,0.624994523914167,0.696383682399288,0.768469092125385,1,0.586410509317398,0.831851815912997,0.782306999323842,0.588369614246737,0.62683652062461
"dataRead3",0.477164582337925,0.435811560273964,0.501516579002519,0.532031723787759,0.531711543721068,0.512808855351221,0.505744973100753,0.323848377668666,0.437395666605656,0.415436715207217,0.507883276669582,0.601248121976672,0.586410509317398,1,0.578502027202662,0.567352895584156,0.520152887936969,0.519915224992458
"dataRead4",0.677203711284836,0.623080944974968,0.667618027669231,0.733157495654828,0.781992317370387,0.758997651076287,0.695183754299307,0.560018895634044,0.688342879578111,0.634791581766108,0.714442759406251,0.777410384171532,0.831851815912997,0.578502027202662,1,0.800273569013294,0.596905479312078,0.624361184059856
"dataRead5",0.649544830012093,0.604775285991294,0.657595287102028,0.698439227308695,0.759745170431314,0.742307337359948,0.688120250592205,0.567930859976524,0.691320484758146,0.642125182144022,0.71744258801219,0.749748101802284,0.782306999323842,0.567352895584156,0.800273569013294,1,0.582199494926565,0.613963170235271
"dataFeat1",0.526904501888596,0.477361898256529,0.49816803587827,0.571535577343857,0.581231663959497,0.578996176742107,0.545306006540984,0.401677601493581,0.505912713415819,0.451959563125373,0.553464507753087,0.571883915932191,0.588369614246737,0.520152887936969,0.596905479312078,0.582199494926565,1,0.782146299482368
"dataFeat2",0.55988851270624,0.497838282294969,0.521120542440093,0.586442975368799,0.60258607917443,0.613662899049107,0.573018607125055,0.426021518578228,0.533413269037081,0.472878906156647,0.580537419640279,0.590268948327504,0.62683652062461,0.519915224992458,0.624361184059856,0.613963170235271,0.782146299482368,1
